10 10
155 882 228 863 886 977 167 227 628 984
883 408 953 766 802 243 95 727 310 13
127 833 812 520 931 621 973 400 546 708
810 9 854 782 928 526 948 891 938 408
471 707 792 170 588 777 555 690 101 806
192 177 962 825 972 878 691 76 629 712
180 636 168 713 9 128 968 639 927 764
372 759 917 193 541 900 346 861 20 118
98 444 909 514 849 622 574 88 32 971
886 301 242 904 926 497 585 281 641 720
0 417 945 100 521 109 42 311 399 640 818
60 0 748 862 357 977 671 995 131 695 330
612 246 0 924 426 283 356 267 436 304 530
997 842 41 0 35 701 468 686 124 131 293
404 936 695 125 0 123 582 571 551 223 82
792 451 472 127 992 0 912 889 243 796 248
527 328 798 817 505 130 0 654 200 759 354
254 173 549 839 1 147 230 0 760 330 756
700 969 692 425 243 197 593 442 0 240 344
790 487 61 726 881 39 496 663 51 0 463
702 378 484 376 953 618 148 690 567 242 0
3000 3000 3000 3000 3000 3000 3000 3000 3000 3000