10 10
737 872 462 764 334 101 374 490 14 818
650 820 339 928 650 682 951 181 341 689
239 872 612 960 69 976 660 220 743 310
506 887 884 654 968 399 554 767 418 659
5 889 672 836 11 187 638 55 722 259
105 933 656 483 516 436 638 389 140 906
834 126 856 299 201 5 820 961 222 108
3 286 246 579 49 381 843 174 731 557
606 686 778 950 518 567 998 206 751 187
881 524 91 400 788 612 945 219 863 82
0 208 581 235 672 787 992 516 243 133 718
682 0 895 786 807 803 490 265 133 588 438
33 787 0 938 266 743 998 282 992 300 956
230 336 382 0 666 384 808 789 321 631 152
697 64 670 356 0 816 538 630 86 770 68
158 712 809 916 413 0 569 206 301 72 186
367 130 835 45 802 877 0 188 839 373 537
376 115 317 430 563 150 647 0 345 268 115
719 335 158 379 539 509 615 14 0 270 184
473 504 61 448 433 33 125 223 299 0 775
794 624 300 955 379 450 270 818 994 833 0
3000 3000 3000 3000 3000 3000 3000 3000 3000 3000