10 10
475 557 202 882 480 140 552 758 484 740
364 918 193 404 566 38 100 466 988 138
365 422 867 88 522 99 495 715 285 550
802 300 783 656 221 343 785 605 681 391
559 19 156 690 833 79 988 894 652 320
435 900 645 186 108 329 631 407 460 106
150 71 398 520 701 256 221 706 523 107
761 41 480 130 346 394 540 784 671 738
503 941 241 707 408 989 84 988 377 410
609 942 359 936 988 135 421 572 361 401
0 538 786 23 764 84 963 336 459 998 964
467 0 920 122 482 351 947 702 51 359 547
907 572 0 231 654 26 73 57 908 454 74
424 645 393 0 320 19 251 870 581 554 580
67 212 573 875 0 298 423 311 546 393 164
966 734 577 486 380 0 880 497 239 992 424
520 544 809 376 722 59 0 209 877 557 874
286 776 486 32 264 267 802 0 786 238 538
157 563 512 743 695 441 115 907 0 558 757
676 448 483 420 267 585 560 41 576 0 110
573 976 218 217 507 94 136 257 369 783 0
3000 3000 3000 3000 3000 3000 3000 3000 3000 3000