10 10
902 54 945 368 50 668 800 402 980 835
304 226 370 740 901 815 357 937 186 370
790 408 239 876 143 373 505 434 184 624
607 26 196 481 165 484 24 404 625 742
781 363 899 932 897 403 90 562 118 189
242 864 293 121 493 764 17 457 114 830
430 779 699 555 19 431 716 136 477 667
499 443 985 250 772 546 695 874 10 884
36 859 930 660 726 970 236 245 709 148
399 517 261 683 671 908 41 206 365 21
0 701 63 398 126 515 384 155 46 839 472
492 0 584 450 65 175 821 105 663 53 488
525 410 0 992 733 25 20 174 818 278 59
989 987 619 0 217 905 904 440 277 922 886
781 446 332 223 0 159 118 188 285 880 7
742 547 46 848 684 0 500 923 280 86 42
702 487 152 540 86 821 0 730 500 372 466
273 950 601 286 248 829 996 0 941 206 889
901 710 403 699 698 11 30 798 0 684 537
883 954 636 543 930 604 724 105 782 0 987
372 557 73 897 77 142 251 735 527 826 0
3000 3000 3000 3000 3000 3000 3000 3000 3000 3000