10 10
205 104 915 398 333 995 117 364 926 992
367 408 16 498 203 233 604 823 271 273
542 731 921 562 79 769 906 511 260 676
311 309 441 920 290 81 518 805 396 56
254 124 476 728 337 10 827 612 344 184
151 734 945 888 190 668 155 277 745 50
385 541 942 183 500 910 464 262 330 92
376 264 417 653 659 792 261 855 546 509
426 288 751 349 930 170 327 325 388 350
460 696 916 937 662 271 850 25 762 658
0 560 694 594 804 17 371 610 836 934 695
11 0 947 832 273 971 985 82 815 64 893
492 686 0 974 879 261 325 804 545 887 868
236 106 31 0 22 660 355 326 302 169 163
903 189 675 907 0 695 494 907 852 223 639
902 603 600 821 157 0 153 647 204 269 774
716 568 521 406 449 954 0 211 698 8 569
393 689 466 739 937 179 685 0 702 527 445
372 451 759 341 501 441 729 110 0 988 377
177 313 118 171 562 400 213 530 631 0 126
620 437 623 10 694 891 288 263 768 737 0
3000 3000 3000 3000 3000 3000 3000 3000 3000 3000