10 20
867 986 749 686 135 904 412 923 342 317 361 697 308 859 873 923 926 858 6 886
202 547 590 478 352 621 17 608 226 958 217 836 516 770 564 138 249 919 798 812
551 136 991 681 427 317 66 325 813 257 474 1000 994 412 473 871 311 646 186 357
248 86 845 748 541 238 755 627 457 765 283 755 239 108 564 507 492 667 336 185
735 78 360 821 966 970 712 583 308 877 197 700 805 520 149 731 750 44 964 482
573 243 436 509 560 966 696 728 789 720 354 717 272 101 75 544 158 536 798 893
165 583 262 270 754 672 715 327 964 67 490 71 690 509 493 794 601 738 885 421
250 63 771 891 973 770 497 422 657 241 62 238 970 384 293 411 568 522 13 617
938 264 761 360 6 853 767 236 323 910 736 548 102 970 706 535 820 377 75 805
180 964 798 214 611 586 350 533 26 935 653 448 212 842 115 543 744 757 648 996
0 965 186 755 675 734 107 367 765 81 519 691 155 262 780 253 265 330 347 58 818
98 0 414 166 823 818 937 677 389 23 606 417 5 816 94 334 578 112 976 863 89
317 937 0 51 739 407 998 508 648 892 153 7 34 303 490 563 731 63 160 672 622
261 140 695 0 909 494 601 158 442 783 726 469 643 977 722 956 81 737 946 996 450
272 24 265 197 0 926 133 183 740 995 958 674 495 838 611 803 864 624 78 501 154
327 723 280 979 717 0 207 930 724 431 455 316 416 297 419 917 880 875 520 461 349
470 263 718 484 226 333 0 2 547 789 547 256 767 770 860 94 397 13 355 411 37
657 559 884 453 506 85 481 0 618 980 314 542 580 207 80 439 396 843 799 338 585
117 75 6 660 17 195 399 909 0 416 439 739 205 72 623 229 941 451 85 445 662
865 200 601 80 1 616 671 796 718 0 571 260 711 818 655 379 83 216 913 968 758
260 621 497 583 961 422 881 196 764 610 0 8 114 306 758 278 286 499 840 522 150
450 318 608 497 761 711 530 832 907 584 256 0 604 212 96 158 60 384 2 270 492
846 607 459 386 107 61 517 673 289 64 233 396 0 103 991 648 820 452 514 872 355
703 781 933 380 517 903 434 986 182 739 524 988 739 0 731 322 189 180 152 212 891
5 107 829 891 609 862 53 981 641 909 228 166 58 201 0 608 734 6 844 71 666
876 87 605 874 973 307 12 219 944 526 4 137 831 25 351 0 324 167 442 221 304
26 802 38 635 800 14 797 917 968 430 210 176 30 546 286 715 0 838 708 806 732
221 291 75 86 668 742 273 607 866 952 594 341 724 320 172 991 339 0 896 294 961
899 630 867 486 860 267 505 159 201 154 392 930 486 142 300 998 78 163 0 852 970
735 945 745 350 327 582 194 893 980 415 322 647 768 178 750 305 928 375 969 0 561
685 793 643 986 893 710 268 514 966 571 651 180 516 567 306 766 396 528 489 476 0
6000 6000 6000 6000 6000 6000 6000 6000 6000 6000