10 20
149 339 36 578 138 755 698 700 127 847 545 988 557 513 659 187 555 104 822 914
782 139 729 779 129 446 485 99 818 308 37 778 287 270 911 543 680 289 318 193
486 577 760 325 433 244 70 910 224 426 76 422 315 972 289 587 926 205 383 706
168 758 611 472 929 330 341 976 182 730 135 3 369 847 688 326 495 102 648 180
450 490 399 269 404 989 966 267 655 869 874 917 548 753 666 120 567 366 417 848
10 663 681 646 466 606 829 826 802 958 545 673 628 474 603 716 487 871 120 991
608 757 92 665 115 713 841 637 698 441 557 939 174 312 650 195 156 63 524 76
975 809 545 746 304 193 604 162 711 562 587 534 886 926 178 726 682 682 374 374
723 823 403 908 281 858 275 981 48 208 98 614 405 534 538 691 139 228 182 358
440 234 361 27 35 241 863 491 696 629 432 438 830 774 570 456 703 435 567 369
0 659 522 216 160 112 766 575 860 23 408 520 685 139 697 962 482 505 915 70 227
404 0 54 784 517 641 293 167 750 578 58 805 833 564 477 154 573 298 1 560 269
1 315 0 323 401 590 389 246 142 209 789 65 84 158 174 293 516 918 589 281 354
378 839 560 0 629 189 213 952 299 355 715 342 135 852 660 406 13 265 775 945 456
691 988 127 215 0 465 107 496 276 794 479 961 959 839 837 436 709 74 549 540 57
930 876 133 820 220 0 342 337 54 61 135 874 237 484 349 820 209 4 897 640 341
22 666 843 852 545 914 0 551 917 736 651 24 347 288 810 70 66 105 617 716 256
804 830 781 143 427 273 393 0 910 884 542 664 832 379 53 46 4 559 246 554 312
417 504 493 952 263 850 532 82 0 693 451 920 965 416 416 431 209 215 638 741 556
495 876 11 87 437 387 317 425 429 0 738 553 32 966 106 365 804 639 383 585 77
272 277 629 349 972 788 846 797 100 562 0 130 56 557 701 548 8 644 223 894 64
922 795 671 276 666 46 368 201 798 563 421 0 839 262 927 495 201 390 41 937 622
21 430 601 232 383 370 99 265 949 238 887 632 0 295 876 876 718 730 519 273 301
809 657 963 353 961 101 802 15 400 664 599 669 953 0 469 818 266 300 13 654 467
233 310 309 882 533 179 245 978 147 984 106 429 990 990 0 205 947 700 553 119 120
216 817 384 288 142 368 917 115 606 760 897 138 241 426 271 0 210 434 353 303 177
409 3 497 798 371 478 103 48 971 220 668 304 241 899 274 22 0 208 368 136 74
6 212 910 661 64 352 76 201 287 399 870 563 814 184 564 842 842 0 473 638 490
401 618 644 536 652 206 549 244 791 802 826 373 818 140 812 237 875 360 0 899 929
582 996 574 117 16 1 326 122 648 958 655 111 86 171 312 461 294 418 726 0 707
118 980 941 744 15 398 931 810 538 554 354 739 470 256 372 116 521 56 154 815 0
6000 6000 6000 6000 6000 6000 6000 6000 6000 6000