10 20
689 823 632 501 627 900 582 478 735 679 862 85 993 299 415 59 768 958 854 788
212 832 751 395 956 98 109 760 9 694 789 847 56 863 610 443 119 891 312 521
782 4 775 543 1000 552 4 129 917 783 642 894 408 300 916 922 144 655 438 390
948 52 970 614 572 141 151 608 873 257 373 101 306 792 300 217 531 903 887 140
523 224 541 717 197 144 348 428 33 534 316 792 948 582 136 875 869 883 141 953
711 546 311 720 22 275 674 353 411 634 358 355 855 625 714 790 885 797 40 815
661 189 546 707 145 139 572 957 450 236 975 160 422 768 163 540 184 892 446 134
424 805 613 237 900 733 674 814 425 944 421 515 530 726 160 855 68 44 792 486
113 149 663 819 780 167 167 722 947 560 746 483 542 506 510 215 764 632 961 633
982 542 782 764 498 520 304 369 271 290 530 776 858 852 172 766 755 327 323 398
0 904 749 333 723 556 586 926 617 332 516 526 53 879 776 612 670 350 220 16 536
524 0 698 791 737 156 428 442 662 419 661 828 280 956 370 995 492 17 879 562 353
701 461 0 405 715 684 730 657 323 855 124 414 397 875 614 354 771 424 693 770 351
473 804 879 0 690 635 335 893 621 942 380 322 214 46 619 459 223 512 741 16 193
977 223 618 454 0 593 18 948 273 71 557 543 994 3 554 250 299 711 962 24 51
521 788 448 252 229 0 904 766 426 799 558 621 902 363 720 661 117 351 302 221 25
306 339 269 315 792 62 0 34 619 378 303 684 263 545 734 547 350 635 272 859 655
380 145 924 947 87 329 737 0 129 453 324 889 919 107 234 649 82 169 603 651 414
165 851 198 49 388 525 610 914 0 165 893 217 38 78 839 342 349 122 338 512 578
183 925 816 116 177 864 272 702 719 0 292 139 266 159 544 453 182 588 564 590 606
673 394 89 426 514 279 936 216 667 58 0 521 596 538 993 866 918 771 784 453 92
709 373 146 493 409 308 878 940 475 986 562 0 146 809 289 798 973 735 823 656 919
136 142 878 110 371 456 12 589 622 652 25 543 0 357 173 423 481 690 252 888 904
946 511 943 957 355 198 437 420 224 190 199 917 47 0 117 202 770 456 44 879 427
678 363 489 860 209 488 476 230 98 752 542 504 91 984 0 392 705 735 838 465 478
734 231 733 678 426 178 343 1000 28 508 979 945 912 647 286 0 954 554 519 788 987
852 400 605 381 302 641 866 372 648 206 720 607 551 768 956 814 0 423 369 282 500
35 13 802 484 486 276 522 340 708 867 96 935 214 820 208 365 313 0 626 891 101
463 618 117 651 75 169 425 955 908 544 967 788 331 251 407 335 197 379 0 108 481
282 135 88 802 112 488 564 855 330 659 251 799 163 500 348 641 471 201 500 0 848
176 686 854 63 72 758 546 34 197 783 790 634 202 780 220 999 525 912 987 919 0
6000 6000 6000 6000 6000 6000 6000 6000 6000 6000