10 20
912 67 216 803 162 199 700 78 193 77 10 140 896 885 838 606 275 956 159 716
141 389 154 973 983 950 949 850 483 235 553 195 8 328 260 152 127 827 826 37
892 599 352 417 673 780 491 119 509 311 378 195 925 867 178 850 883 343 25 713
955 53 726 109 647 415 3 721 122 199 51 725 539 101 727 188 89 823 362 382
17 439 240 474 17 815 505 429 233 576 125 325 670 671 169 951 458 526 620 451
862 867 961 452 386 418 82 754 71 726 959 392 418 59 582 826 187 714 843 678
471 224 923 411 794 99 544 395 931 166 964 788 570 584 88 80 503 799 698 362
38 175 242 620 828 563 351 299 679 957 650 667 456 834 906 263 452 27 282 285
904 177 533 783 393 243 144 661 840 258 252 260 169 691 686 556 647 162 702 902
56 651 731 816 966 844 903 126 496 100 1 490 430 729 450 494 34 933 456 410
0 1 376 931 422 474 586 303 730 994 931 129 207 900 939 885 609 371 891 63 683
828 0 939 373 850 172 383 366 1 218 863 55 49 93 146 542 233 33 210 604 700
64 428 0 154 300 742 180 101 262 768 548 422 37 52 115 313 560 606 873 906 633
782 329 173 0 427 659 684 762 730 140 953 524 279 222 70 770 264 577 906 63 31
131 476 944 512 0 695 516 632 118 971 203 451 523 310 586 220 267 664 469 780 820
3 986 719 790 592 0 112 340 820 14 675 100 594 244 12 868 156 622 196 32 395
263 542 931 388 438 526 0 426 338 886 892 615 317 665 94 159 612 464 613 212 553
405 802 458 917 405 786 588 0 513 495 822 701 76 362 808 210 910 800 656 234 402
255 439 784 401 236 219 71 32 0 489 248 830 342 61 240 234 942 988 651 947 273
453 269 541 835 74 855 672 663 820 0 768 233 207 723 478 891 118 260 27 241 354
952 291 355 810 934 162 641 247 624 524 0 254 186 775 829 569 450 476 584 229 949
853 65 328 280 341 34 857 7 607 615 415 0 925 161 281 695 58 178 72 352 113
47 419 732 441 967 292 289 409 551 133 791 500 0 175 903 923 790 167 961 827 279
124 501 696 825 170 154 2 866 326 106 702 136 154 0 898 751 553 736 579 176 792
403 628 235 534 765 621 878 940 32 587 387 796 594 54 0 811 527 903 196 294 806
124 576 122 233 944 752 715 98 516 565 230 492 677 298 819 0 403 191 274 806 482
31 73 858 233 602 301 101 597 915 528 938 168 850 968 843 932 0 729 428 45 894
753 483 780 435 942 361 222 95 925 282 621 533 652 935 720 533 506 0 858 229 743
941 77 193 729 278 445 301 245 757 962 410 699 902 397 108 206 968 207 0 120 938
276 547 155 628 261 681 18 845 988 748 811 773 853 568 658 854 51 878 751 0 965
475 300 72 743 127 129 998 660 920 567 699 876 698 955 73 926 784 368 365 498 0
6000 6000 6000 6000 6000 6000 6000 6000 6000 6000