10 20
584 74 576 497 336 722 123 827 356 285 388 438 872 1000 881 990 505 832 132 81
358 900 84 88 270 857 653 658 787 340 204 660 387 577 294 721 598 629 262 657
615 650 319 349 422 782 215 943 225 14 584 577 707 514 115 487 157 557 246 285
601 251 243 394 222 597 329 769 924 303 633 282 636 547 82 578 180 341 810 887
511 1 259 532 67 443 379 650 430 979 187 48 51 123 801 440 71 963 409 367
147 593 678 164 115 807 391 545 187 743 558 524 695 839 529 593 286 376 793 609
250 488 489 251 525 958 315 81 400 180 848 656 482 17 366 708 737 988 946 233
928 880 741 596 471 976 278 591 175 602 159 92 738 187 574 864 343 813 541 103
1 482 302 614 836 13 782 949 790 980 404 641 391 86 560 335 675 672 332 605
436 917 591 16 767 818 719 325 437 644 18 58 189 856 109 942 287 809 220 828
0 822 162 65 326 846 839 629 393 926 775 719 423 901 125 249 865 875 648 208 848
196 0 185 57 362 143 400 238 451 528 396 14 373 965 676 981 491 843 624 995 175
248 973 0 806 746 719 703 79 732 519 778 885 188 885 441 325 192 563 320 366 644
573 279 188 0 967 203 695 138 721 827 778 302 297 207 372 849 458 321 971 640 441
932 759 273 539 0 11 725 441 741 534 982 346 535 94 549 450 942 206 955 737 182
90 792 194 380 941 0 57 216 953 531 118 496 38 665 378 261 77 57 172 795 28
440 263 355 371 715 13 0 818 379 614 134 392 320 795 266 530 81 719 716 790 224
67 675 405 528 20 628 887 0 561 476 869 621 392 955 284 616 768 574 156 541 208
579 426 380 807 830 906 725 635 0 109 961 354 926 863 508 604 409 844 353 54 263
935 424 549 674 160 919 881 578 692 0 526 576 600 481 315 954 460 775 666 745 850
366 279 72 484 862 897 315 10 818 687 0 405 392 408 571 599 803 525 321 737 345
141 221 464 692 570 44 431 628 402 224 552 0 746 520 428 598 545 679 418 331 217
795 982 391 917 734 282 11 534 793 629 299 189 0 556 359 207 227 827 147 745 962
971 632 982 864 408 640 545 104 472 504 408 252 645 0 11 301 531 808 316 471 808
391 780 72 310 809 593 912 558 789 740 979 367 169 282 0 755 949 565 623 107 946
81 786 722 782 437 435 738 199 746 277 296 809 352 845 657 0 502 802 488 202 412
919 898 154 201 908 796 912 256 731 46 639 585 669 725 918 677 0 746 679 275 132
140 359 189 211 164 744 58 450 266 812 972 455 76 332 319 603 384 0 695 843 533
30 114 533 350 250 562 654 668 1 357 397 153 20 74 18 136 680 845 0 713 366
128 522 524 355 180 389 41 569 926 422 790 235 685 346 708 823 160 234 257 0 485
667 259 312 661 986 448 884 255 459 31 961 858 703 892 102 133 761 769 859 152 0
6000 6000 6000 6000 6000 6000 6000 6000 6000 6000
