100 50
620 118 767 792 575 764 790 876 37 217 872 586 522 516 770 324 744 917 311 176 144 792 423 809 434 174 201 606 297 403 654 440 778 141 294 587 951 935 153 486 473 574 872 149 436 650 419 263 867 870
679 25 889 553 789 648 888 417 464 477 35 315 214 638 968 812 111 727 455 755 179 375 133 47 539 908 542 300 795 61 308 858 975 104 674 401 970 852 628 673 118 222 881 176 613 401 845 555 362 784
584 998 8 156 519 779 822 809 399 3 668 73 60 259 141 190 55 984 698 74 947 199 775 364 728 888 897 383 946 767 764 287 837 303 333 937 579 400 254 521 561 806 381 814 646 491 65 253 322 769
804 897 918 683 157 769 295 617 378 450 505 932 76 759 756 448 929 74 716 143 238 823 844 403 578 481 530 781 971 769 746 984 544 246 282 41 65 317 273 52 633 616 369 435 593 64 560 411 47 30
937 504 99 616 763 163 188 454 216 870 85 158 740 216 206 732 380 405 54 151 769 951 659 423 534 801 780 921 902 936 666 100 814 155 443 985 5 992 781 422 293 443 831 84 224 750 252 7 401 136
873 351 490 227 500 381 105 911 409 467 267 784 9 474 468 181 413 296 68 585 645 984 121 245 349 729 913 219 535 81 566 476 836 487 340 127 490 659 345 413 340 372 805 257 9 420 367 524 44 336
657 689 108 531 324 36 802 974 862 128 387 80 328 366 173 232 515 99 515 113 819 854 826 922 770 15 65 545 708 679 130 371 97 294 690 800 251 730 35 65 246 923 104 646 707 615 479 789 611 841
314 161 178 418 546 350 848 308 201 653 391 150 735 443 616 258 267 651 81 747 184 570 951 867 734 879 616 93 844 717 355 810 985 587 779 41 296 897 894 177 343 845 21 206 559 331 589 399 559 877
446 22 367 851 225 589 146 924 836 234 150 485 677 125 453 612 6 970 270 596 352 275 44 709 568 655 416 222 815 975 655 527 215 870 85 287 292 910 519 318 597 482 176 517 54 76 721 595 610 156
45 100 207 320 928 561 16 812 451 340 504 420 481 657 14 685 256 498 112 803 716 259 976 772 790 668 4 172 192 318 595 768 890 661 465 84 870 545 995 726 271 813 223 553 461 515 654 677 744 846
902 474 896 354 895 428 361 923 464 549 755 267 679 540 642 427 694 324 360 459 862 260 251 421 257 114 398 401 790 835 878 757 425 158 711 814 207 338 239 887 719 192 49 667 863 879 38 827 46 723
276 370 894 290 830 592 619 954 232 480 58 974 12 465 741 982 25 663 194 803 477 540 966 953 290 541 613 710 999 24 121 382 300 740 644 236 347 419 839 758 482 815 276 106 627 404 579 680 798 410
323 736 954 412 17 130 601 949 492 409 544 371 280 570 390 790 163 651 104 874 627 563 276 952 978 891 115 991 24 655 567 964 945 790 151 61 398 172 734 817 679 207 471 132 755 377 534 638 774 415
343 9 696 759 704 574 280 957 153 207 527 10 756 981 320 173 892 475 335 653 256 702 361 616 400 988 801 358 912 1 274 974 787 579 883 679 653 600 151 502 971 876 624 169 588 539 824 474 648 919
530 344 21 898 384 94 602 203 428 67 809 923 241 599 959 668 98 382 37 329 206 735 250 286 112 846 51 469 392 523 662 935 594 701 617 405 965 322 635 698 377 133 948 702 239 903 575 58 985 15
558 243 315 933 705 794 254 496 387 764 316 605 324 561 965 439 474 919 730 107 440 415 626 125 908 805 216 135 85 699 19 11 310 117 920 441 940 490 41 741 96 645 586 479 192 75 934 727 365 558
50 923 243 977 643 628 619 586 356 675 875 649 137 796 386 95 60 522 164 119 337 352 397 884 961 684 275 103 76 487 712 428 301 643 972 123 285 349 210 414 234 938 566 620 969 375 97 73 652 213
179 907 572 558 544 75 868 837 412 708 69 698 276 10 239 351 290 5 454 754 521 844 617 265 169 851 106 933 82 513 33 537 571 714 741 335 577 311 254 351 257 951 985 226 219 643 491 422 517 729
10 609 805 747 189 467 231 516 319 665 613 50 832 131 350 533 925 765 251 605 217 482 18 705 232 289 939 501 323 677 867 993 267 157 936 534 24 119 8 173 591 809 779 307 994 43 920 688 715 385
983 329 43 363 631 720 633 774 668 887 478 452 74 634 978 703 91 878 68 667 195 428 359 777 646 738 45 826 947 870 571 574 649 515 335 215 182 491 986 162 215 475 835 150 295 694 719 33 69 813
43 66 875 968 659 76 73 947 316 82 179 259 535 620 896 378 960 387 510 528 389 383 171 888 335 642 3 718 768 858 305 460 461 188 967 643 185 54 595 39 49 580 426 35 830 294 286 364 419 151
121 605 231 147 178 331 251 695 357 279 674 547 107 464 403 26 748 540 961 686 186 182 397 319 969 377 272 761 132 668 515 331 201 590 142 904 900 170 704 879 424 860 716 528 775 121 528 316 308 989
458 839 627 636 156 29 485 984 635 94 956 769 758 292 422 186 293 133 38 912 34 384 424 457 790 305 214 472 720 252 242 643 175 348 105 368 645 864 973 705 569 35 938 459 844 229 243 887 108 583
780 816 511 910 668 510 882 412 451 933 159 775 399 985 698 849 420 845 506 859 117 141 549 615 427 276 756 334 115 171 933 441 527 373 66 992 777 736 608 827 769 343 258 270 309 136 947 898 150 554
436 734 400 366 164 176 986 389 440 658 1000 456 380 26 68 649 792 834 577 479 998 669 713 890 960 964 416 216 642 648 824 740 388 34 940 475 33 681 653 804 400 226 657 789 57 655 517 783 615 511
613 402 506 933 57 72 684 291 37 426 460 513 961 528 75 912 480 812 837 331 193 785 100 309 495 291 905 533 390 259 441 29 385 821 112 511 839 280 697 901 968 271 898 141 49 442 746 173 874 587
491 527 770 956 138 74 191 165 262 341 123 188 648 664 67 71 591 330 375 758 509 129 432 157 493 69 150 756 218 481 16 48 788 235 889 229 149 895 938 71 709 868 162 128 847 291 509 194 489 530
912 441 821 494 834 699 647 457 447 82 750 971 676 20 296 385 205 445 162 112 918 795 596 741 681 897 993 660 205 372 595 38 872 75 341 342 474 293 737 374 682 621 557 593 229 1 285 5 56 801
46 787 368 561 760 666 600 99 716 5 293 903 190 169 443 707 224 947 41 822 942 11 679 979 538 551 318 898 604 765 732 297 841 764 28 896 443 852 651 505 493 651 246 846 920 233 266 924 16 225
152 963 31 573 557 893 147 696 889 524 937 620 69 501 176 651 435 889 560 709 97 445 561 267 870 958 493 838 703 179 638 105 350 744 744 519 446 956 614 262 105 251 39 677 515 262 479 756 582 945
442 100 12 184 988 116 571 890 578 762 197 971 252 410 535 601 236 202 644 422 186 15 289 250 842 779 815 241 618 274 408 1000 672 333 503 39 601 45 681 815 297 609 97 30 412 60 701 581 776 569
168 753 217 186 527 265 85 433 456 666 307 940 314 391 875 298 252 825 310 620 116 854 351 365 197 149 304 516 545 880 871 534 249 466 133 107 114 256 648 863 770 728 229 795 266 109 742 247 726 964
415 155 504 94 667 762 629 106 314 571 983 600 536 668 368 878 425 913 824 947 108 221 142 522 559 386 894 132 820 871 221 947 148 858 284 869 828 81 275 31 474 748 484 816 689 778 4 512 954 378
74 412 191 165 63 226 140 444 383 61 528 180 134 53 502 245 775 101 583 92 877 347 675 250 674 143 999 457 370 307 742 42 404 441 907 281 227 14 474 450 542 175 362 539 277 483 722 396 730 803
342 920 99 372 170 725 813 751 864 598 725 229 37 409 740 928 591 701 34 542 887 682 455 975 176 116 799 216 732 64 797 909 604 301 134 849 858 509 706 750 679 800 57 36 165 667 424 150 159 175
897 387 583 678 40 531 285 574 749 33 976 926 255 791 846 79 640 609 310 724 389 533 289 169 761 748 213 264 45 690 61 187 425 125 527 789 521 20 951 596 866 461 749 184 63 514 642 591 147 310
519 855 728 566 151 42 693 351 857 829 584 204 649 461 328 719 1 597 362 837 566 28 665 272 374 692 641 461 842 615 118 675 906 20 835 618 291 162 732 250 453 907 191 405 926 53 507 453 832 610
191 346 744 60 710 137 133 131 998 333 580 903 264 900 972 297 376 885 832 337 560 681 832 175 662 738 999 850 462 20 57 186 657 434 304 370 872 494 379 845 633 878 618 420 819 478 774 625 767 305
661 548 266 364 470 411 803 795 369 415 328 392 740 664 99 772 782 232 139 643 141 924 24 159 567 441 138 113 909 175 631 236 741 71 731 127 543 577 626 517 794 271 968 833 282 199 884 361 693 915
525 5 921 411 488 823 161 908 604 595 931 803 881 673 733 416 242 357 246 188 408 371 990 489 865 257 477 134 142 985 139 925 965 184 604 244 813 347 577 702 123 144 766 336 160 987 223 502 409 422
739 311 196 338 999 47 562 3 655 110 606 190 227 292 427 43 669 159 139 640 360 179 862 295 471 31 398 142 688 150 213 229 280 394 477 265 91 470 13 534 531 696 964 186 855 884 320 366 168 706
464 6 798 79 424 825 310 733 170 479 539 77 625 168 832 46 567 752 429 753 508 864 234 321 97 111 1 947 209 804 309 725 604 215 285 82 184 142 466 204 184 762 307 978 757 278 947 457 812 199
466 137 733 264 313 952 54 198 820 361 41 977 187 289 72 538 786 304 353 409 602 462 926 920 347 492 248 351 752 778 104 40 808 81 500 224 385 20 729 710 814 770 371 372 376 335 303 96 210 529
125 948 913 240 977 282 281 744 719 46 510 150 838 753 120 93 921 219 303 470 761 784 336 340 3 330 536 262 930 360 175 175 308 634 309 353 787 650 776 508 750 109 891 982 419 237 432 822 192 21
685 276 437 200 226 661 275 158 664 257 180 518 480 283 57 346 223 207 563 559 304 617 598 988 807 304 437 730 516 378 510 527 460 412 653 470 48 224 206 420 719 644 205 351 807 62 305 263 488 289
695 91 167 558 606 768 469 873 760 350 661 968 439 834 22 141 613 692 740 347 505 750 598 301 18 975 167 607 123 708 698 199 226 94 302 65 933 247 246 723 732 752 886 169 746 555 280 967 766 594
189 396 245 123 221 358 403 187 129 770 452 701 205 462 390 927 470 549 37 387 590 924 533 307 781 854 497 19 936 848 912 156 223 825 135 406 640 646 796 99 204 968 459 187 410 472 935 306 912 621
571 306 502 12 8 151 10 141 769 507 844 805 522 703 121 79 55 457 776 768 93 751 277 461 668 20 357 217 393 325 904 360 580 820 858 567 963 35 552 949 946 438 518 574 150 572 377 805 695 312
835 828 946 643 930 835 235 621 853 499 739 547 726 258 962 212 420 627 889 234 909 886 110 425 213 751 40 236 371 486 914 700 123 447 178 314 968 87 227 969 228 941 221 197 815 101 575 57 155 451
408 623 196 903 777 858 615 976 246 370 560 314 769 590 361 874 512 802 150 684 320 401 267 788 912 719 225 316 79 398 482 688 671 344 461 518 560 303 955 940 336 119 365 924 881 168 513 277 611 903
155 766 884 491 956 366 259 738 436 98 810 153 991 925 636 809 871 48 165 617 638 887 989 432 711 362 202 538 153 631 111 798 442 478 763 345 337 305 974 860 121 833 771 135 993 217 421 212 546 245
621 169 861 49 157 514 6 855 369 46 749 496 940 633 480 350 332 676 990 661 698 8 112 593 161 93 808 660 661 338 66 388 436 313 50 780 79 354 610 930 527 542 752 723 184 235 479 433 232 127
340 255 409 372 780 474 653 416 862 474 418 498 240 193 427 814 229 669 462 983 523 633 994 767 814 850 466 932 101 511 553 363 999 486 506 614 567 164 60 492 747 395 289 745 485 950 97 122 526 725
247 808 433 178 731 907 511 575 31 268 46 812 725 184 911 757 105 290 513 619 67 697 16 535 664 1 696 447 650 37 811 679 609 234 438 906 769 261 652 375 808 937 226 515 793 11 972 290 431 153
638 461 998 328 871 293 985 14 565 299 509 816 172 531 357 480 544 840 19 637 375 167 785 749 135 270 859 881 382 355 167 736 741 749 337 58 191 337 680 907 862 340 185 433 435 120 604 269 443 794
970 900 75 583 145 589 37 345 714 194 786 239 367 863 202 585 910 832 8 236 360 519 224 23 492 897 844 946 46 622 102 340 449 325 118 811 741 572 909 839 472 961 77 711 420 30 771 175 878 628
16 943 579 854 674 622 559 370 768 170 813 962 820 383 745 298 691 812 75 547 344 321 88 563 832 641 433 881 210 763 277 518 960 511 398 790 15 577 732 277 540 221 537 660 63 275 720 1 443 409
388 940 78 464 750 258 143 21 139 490 328 909 296 603 439 152 297 953 714 747 444 717 222 729 752 182 675 9 433 737 921 398 449 8 166 546 625 600 330 611 532 429 915 572 697 55 397 222 281 610
106 870 167 965 254 128 832 205 611 861 338 607 721 877 470 921 973 668 113 739 401 363 316 608 834 451 84 573 877 366 642 40 563 627 150 118 696 308 47 850 835 883 37 772 775 407 935 726 265 967
708 136 130 810 624 566 157 425 116 587 359 557 13 169 224 180 796 712 293 464 615 154 860 556 959 665 256 678 903 865 583 108 810 258 981 351 62 191 476 77 669 272 555 164 153 117 211 51 428 560
837 552 362 59 644 620 114 797 763 338 497 626 71 778 794 246 453 760 153 318 568 838 499 390 695 535 204 878 193 547 55 730 490 245 768 615 698 880 127 448 990 911 563 637 348 595 760 829 166 563
389 202 374 754 797 304 688 869 724 669 74 37 382 831 769 46 160 707 316 211 107 396 970 561 441 344 530 722 809 78 345 1000 164 805 221 19 286 504 415 172 384 369 973 594 992 585 658 990 508 317
926 845 203 625 12 463 122 360 106 595 354 46 649 746 152 770 188 424 856 452 225 717 853 8 267 137 460 871 612 432 601 439 898 40 456 106 990 997 79 347 57 476 718 578 491 809 549 351 873 492
592 996 684 371 959 966 961 377 981 924 939 387 798 711 742 307 156 861 695 725 490 208 516 716 366 251 600 691 899 599 808 23 45 777 676 905 750 879 149 771 417 785 104 484 162 944 329 773 74 916
195 659 376 983 299 919 539 649 355 545 66 827 896 325 674 501 315 452 141 931 8 166 865 474 882 676 709 604 269 613 596 566 104 565 58 892 672 468 769 557 900 992 104 718 762 395 578 368 773 389
871 494 593 758 478 792 860 85 693 307 974 874 313 987 672 879 773 663 321 319 319 326 264 838 745 423 520 44 40 591 240 726 137 731 714 789 498 350 93 799 150 530 187 785 629 757 5 152 953 482
842 867 462 997 674 521 861 700 580 80 536 846 35 236 918 619 885 34 268 842 281 803 236 884 986 334 674 521 208 994 537 744 175 607 308 262 150 889 309 382 835 309 678 222 345 730 471 44 780 48
1 475 279 860 852 876 155 734 677 622 317 424 172 30 463 293 471 452 615 97 30 260 238 480 992 817 536 312 117 180 797 482 985 1000 868 283 828 730 705 732 814 986 907 556 860 580 798 370 115 926
67 744 749 891 697 869 323 336 453 938 166 308 10 842 645 429 961 990 622 877 187 300 401 666 725 59 329 995 912 62 485 39 947 751 481 19 61 665 850 23 765 375 576 621 176 11 573 606 52 191
83 593 874 239 634 813 165 142 120 132 448 657 713 23 618 311 42 777 528 287 52 545 807 691 192 86 736 586 744 244 137 76 66 675 935 878 698 381 42 940 89 278 326 556 152 990 1000 811 851 498
596 694 276 51 9 467 522 732 812 67 305 28 891 866 546 532 773 518 917 513 383 969 196 556 594 513 585 118 910 988 992 70 517 654 606 518 385 181 336 681 611 413 13 318 27 266 566 677 392 24
933 332 270 796 419 274 794 807 765 233 58 708 744 306 704 765 720 955 943 33 947 879 837 752 921 984 658 442 637 527 305 200 745 524 669 658 793 547 745 561 702 374 317 1 28 757 267 112 811 429
949 303 981 737 346 245 207 89 555 13 873 455 102 710 808 720 15 182 564 586 349 886 112 641 423 368 62 627 484 624 18 718 543 573 969 685 24 510 178 510 104 786 632 418 921 926 912 913 630 836
67 722 684 138 553 442 487 237 425 674 185 777 516 778 417 28 982 673 500 234 661 555 670 637 657 639 869 910 4 830 905 414 324 675 299 229 429 191 430 349 261 533 964 652 290 229 321 357 692 545
151 537 197 879 757 298 311 545 858 991 657 262 624 919 431 982 435 468 712 256 898 680 459 336 26 562 303 226 409 882 262 951 356 38 563 594 564 9 594 195 868 452 404 261 445 497 835 535 479 728
193 838 772 121 143 631 286 870 10 608 656 459 417 238 647 997 348 702 401 107 494 549 643 433 918 537 639 2 732 584 498 539 251 376 101 569 425 565 252 58 806 256 881 279 854 100 673 506 687 610
23 309 293 116 1 190 880 608 38 119 544 342 916 442 115 610 609 387 249 936 935 956 773 773 757 124 849 785 28 515 788 959 172 527 798 196 496 584 273 940 499 51 942 225 992 207 728 83 224 653
520 261 811 478 952 453 321 957 464 904 107 661 65 853 682 979 408 8 403 827 484 570 686 259 540 398 676 788 576 619 780 468 761 166 932 874 749 535 636 199 42 1000 468 895 279 940 89 659 241 43
229 311 418 720 566 999 462 626 939 689 939 288 237 595 883 740 304 266 932 335 564 724 126 301 668 546 699 22 724 156 937 970 706 631 33 645 200 469 572 51 2 368 853 719 50 313 545 664 453 285
268 35 950 766 877 187 148 813 178 869 895 379 333 712 118 900 647 854 43 938 803 171 633 456 981 522 281 989 480 334 925 298 556 252 808 394 751 455 819 951 278 355 89 697 276 895 483 835 862 243
910 967 792 415 777 595 76 796 596 907 846 704 175 465 248 497 449 263 685 137 760 227 114 560 996 795 410 687 139 581 607 314 64 836 56 3 91 465 518 171 725 759 174 555 789 852 71 713 825 414
941 788 406 97 990 194 513 841 861 128 897 577 186 221 117 123 284 259 764 642 766 531 729 847 254 875 811 614 247 174 149 993 789 494 88 551 898 83 317 926 123 508 408 894 277 166 74 142 923 110
320 841 960 901 184 835 392 751 296 313 363 263 792 907 897 871 606 238 978 78 373 792 922 682 352 162 443 859 596 388 234 390 716 196 901 522 133 483 276 755 312 524 382 35 612 359 834 146 119 90
411 576 878 20 56 185 543 598 241 510 46 149 342 170 753 740 410 834 922 438 172 46 973 856 239 56 384 868 911 744 990 667 129 264 212 984 32 722 953 941 374 177 373 999 392 615 375 42 179 843
494 93 27 877 446 608 510 263 473 467 804 920 617 740 28 41 474 415 915 232 983 556 61 723 671 240 87 967 787 768 294 119 318 372 88 890 167 738 875 138 231 343 464 584 642 155 495 611 380 332
836 556 634 827 388 462 745 773 465 633 586 133 286 490 30 943 12 513 920 340 651 76 332 196 205 588 970 942 490 324 69 156 821 610 838 525 836 39 683 262 300 391 702 537 630 480 679 627 818 168
540 50 486 241 501 726 436 734 955 490 871 718 696 894 352 697 177 925 876 745 263 234 164 453 381 570 100 687 222 894 161 5 31 187 534 288 719 814 898 348 271 290 278 432 99 198 553 547 336 587
714 936 451 727 658 993 235 651 29 208 178 104 750 868 597 746 528 890 147 798 476 547 321 361 6 434 419 395 401 90 738 356 620 86 648 14 252 60 374 291 272 143 849 701 459 913 76 31 423 697
899 767 459 206 70 717 345 697 522 837 638 867 975 641 710 112 362 359 52 325 488 178 991 513 802 340 204 548 757 498 685 768 608 855 310 376 917 982 492 671 129 929 182 513 922 768 30 109 872 281
738 49 705 218 754 929 685 686 47 637 89 524 683 976 348 382 198 349 325 684 402 171 578 519 847 581 152 419 873 270 524 751 942 828 354 289 932 912 732 599 11 492 199 189 983 356 186 53 876 692
348 645 242 335 383 908 939 102 763 66 901 884 400 176 145 597 364 149 784 819 509 121 113 923 523 636 303 430 293 54 676 749 969 921 903 702 935 944 811 657 748 282 715 896 699 774 944 727 362 261
580 563 896 418 829 257 576 129 452 415 233 209 605 161 119 909 813 973 529 874 757 9 90 52 600 762 301 503 547 555 348 3 152 230 59 81 817 153 934 324 529 235 618 630 193 825 95 141 874 155
687 621 327 724 547 841 290 155 195 870 337 956 313 735 330 806 504 119 792 475 799 53 187 859 119 148 652 377 670 793 820 107 386 231 448 793 717 619 916 655 278 878 440 611 258 930 895 757 199 289
425 504 144 470 150 301 3 167 116 348 237 607 124 107 52 582 441 773 235 596 959 366 968 503 265 335 783 939 598 40 729 903 266 550 277 552 64 563 147 667 199 81 351 367 621 518 29 970 27 189
62 751 789 6 824 371 800 888 787 8 750 828 315 184 466 958 238 352 562 810 327 287 82 263 906 200 976 539 230 551 948 594 347 372 515 898 8 250 941 385 957 183 959 668 329 996 109 765 939 33
94 356 443 518 102 991 660 94 366 740 517 257 618 49 503 416 148 717 419 199 575 160 727 868 79 947 338 72 676 319 47 876 378 716 971 246 773 973 742 107 186 252 320 344 601 493 247 486 379 686
671 568 421 931 139 197 702 159 412 834 836 729 861 698 298 762 312 40 30 749 734 477 869 161 651 819 959 374 862 577 53 411 625 446 981 704 303 43 899 751 666 986 961 397 927 481 439 42 404 985
665 208 434 326 449 988 3 22 872 345 442 680 240 176 299 36 321 514 561 88 292 647 238 263 112 926 850 895 64 986 336 34 793 43 120 412 549 248 64 764 427 785 168 211 798 475 840 845 725 166
543 124 775 683 823 226 906 468 428 895 541 550 888 809 879 416 153 445 127 561 687 917 946 728 20 838 458 26 908 33 409 925 954 144 734 213 20 178 750 787 126 975 865 721 540 327 306 193 950 372
483 934 465 200 828 54 720 699 623 208 429 796 746 869 17 477 899 923 672 624 429 648 549 737 630 825 285 403 225 490 326 903 232 459 984 446 619 181 150 810 153 357 292 434 685 661 16 832 721 341
0 911 313 468 559 724 678 679 359 819 613 95 987 578 951 171 357 210 125 566 399 771 821 931 36 190 252 343 240 584 567 282 677 868 708 108 948 900 91 227 333 578 775 106 297 677 280 725 693 380 242
889 0 572 836 468 536 938 693 286 847 573 688 737 270 796 104 326 885 367 910 734 616 339 269 613 356 89 446 353 47 828 354 254 391 824 355 672 898 804 261 443 128 788 861 714 554 744 271 121 321 671
62 995 0 840 556 849 77 489 952 733 957 220 999 4 288 326 770 839 136 716 158 149 524 990 573 622 144 49 39 288 564 166 660 411 589 446 851 716 958 652 298 896 589 870 731 883 186 826 968 759 803
60 680 346 0 399 688 308 245 259 295 548 901 160 306 185 501 753 53 911 485 470 658 730 926 67 848 923 308 375 901 579 961 913 97 918 308 720 120 129 565 136 605 97 942 914 894 754 948 975 547 244
272 148 821 325 0 15 616 794 839 506 691 86 582 976 987 94 297 168 966 557 18 143 251 169 559 179 643 654 561 476 283 472 124 439 284 612 230 112 462 605 63 900 4 709 481 27 623 735 206 798 627
828 666 752 578 108 0 373 182 427 403 193 448 110 70 207 190 961 111 454 670 190 466 981 665 322 905 433 120 154 983 510 791 96 519 829 11 157 563 565 779 650 612 819 116 715 931 626 883 638 586 466
567 203 374 803 157 767 0 864 333 390 434 532 508 733 412 535 738 25 129 206 403 204 772 370 690 256 681 678 215 229 86 648 871 231 147 547 451 664 902 656 228 729 506 994 381 799 416 570 260 984 994
627 853 338 896 423 649 792 0 854 452 77 158 78 515 491 361 189 855 798 143 672 23 287 348 18 933 839 492 557 794 364 111 757 729 86 758 346 512 577 523 872 627 355 399 598 341 603 579 10 916 948
208 654 948 729 450 973 288 113 0 586 969 786 486 184 955 238 816 968 766 711 761 180 868 634 135 531 585 703 935 531 464 402 61 652 284 733 221 982 917 820 720 49 415 199 804 635 861 392 695 512 649
490 666 761 349 250 769 962 548 344 0 829 295 880 449 568 759 827 86 289 359 453 162 956 850 10 815 930 780 738 366 122 790 997 172 820 836 259 187 337 618 629 65 663 517 108 372 993 64 624 150 92
897 66 976 56 888 143 159 931 797 987 0 63 112 736 839 700 330 287 647 909 338 689 873 656 267 295 498 796 776 758 746 593 224 548 940 59 476 800 862 519 578 329 27 751 442 445 557 77 120 201 556
825 137 397 69 504 692 28 790 968 536 622 0 983 823 847 141 478 159 883 583 467 443 691 315 980 919 599 447 54 796 527 805 134 932 954 560 303 323 747 934 171 667 130 600 487 933 281 390 115 505 332
11 243 549 206 333 42 726 733 210 448 876 8 0 742 899 123 962 515 864 257 3 871 817 437 11 809 229 68 140 905 687 201 109 900 473 888 778 107 505 256 46 997 573 96 707 168 953 956 281 354 119
631 630 732 641 50 819 30 302 982 647 972 94 324 0 221 442 699 562 690 690 668 416 363 146 70 434 267 952 680 308 356 269 767 551 827 141 8 163 436 734 222 311 716 516 255 287 699 769 690 692 323
714 10 830 504 283 59 886 136 730 952 956 323 624 291 0 47 363 483 206 322 79 833 390 766 18 295 151 390 243 906 164 998 803 528 572 689 525 115 757 585 82 625 260 16 552 735 922 622 150 916 439
253 924 513 947 698 639 863 433 853 758 805 608 703 527 889 0 603 142 467 209 353 750 389 391 493 318 591 180 592 167 861 288 312 236 430 770 220 405 238 280 779 513 78 238 2 575 993 529 594 342 313
738 569 561 894 552 384 914 999 731 759 209 845 829 282 342 481 0 484 657 909 332 178 121 850 376 310 931 901 357 418 511 231 9 818 75 675 39 420 917 474 710 594 93 340 684 812 895 689 372 955 839
208 467 323 153 372 199 508 13 926 758 273 638 597 431 509 208 447 0 30 639 841 587 77 875 512 429 134 496 613 626 629 933 229 377 712 704 519 224 415 812 211 460 547 184 225 515 716 594 984 451 866
491 739 968 315 225 721 573 978 513 290 491 198 367 258 580 106 945 462 0 601 534 214 249 585 520 694 231 629 744 906 275 93 950 459 916 503 625 725 282 225 150 410 930 567 348 901 380 289 155 254 849
685 2 322 109 160 881 414 353 411 157 639 410 847 356 336 648 148 344 433 0 732 824 721 899 432 222 560 595 611 219 207 722 448 640 343 918 12 375 276 93 390 630 191 375 10 350 791 342 303 875 636
744 65 529 190 528 866 968 304 794 616 781 69 549 811 734 498 831 823 519 597 0 792 500 955 726 381 78 516 440 438 623 214 824 133 240 384 746 835 3 903 404 138 652 768 998 663 236 462 221 327 458
803 322 737 716 444 592 762 514 802 913 471 143 95 352 205 584 46 253 302 541 85 0 21 890 617 280 68 144 244 359 836 695 774 548 468 648 109 992 422 228 703 201 196 505 859 538 554 135 748 209 622
186 132 898 567 168 534 454 581 302 645 935 651 572 933 972 724 971 452 71 358 80 675 0 684 582 585 596 296 467 280 658 371 304 996 496 760 471 523 38 842 708 615 863 938 202 622 383 783 555 841 245
371 344 475 644 23 283 132 890 556 31 679 247 560 575 131 48 953 276 307 520 864 617 253 0 253 464 66 958 73 796 497 880 697 379 506 782 144 563 310 105 963 537 715 9 614 731 688 48 330 703 333
848 429 810 286 873 269 432 35 197 653 702 458 560 202 789 713 270 127 905 445 86 277 297 311 0 331 851 58 366 841 147 475 226 896 471 560 23 260 918 587 185 921 482 568 678 655 611 230 185 45 191
4 422 314 186 111 803 296 656 536 137 469 928 595 230 489 412 167 300 148 352 9 451 262 645 794 0 458 648 776 370 896 757 926 954 287 741 559 435 437 626 360 988 168 735 28 880 126 225 422 98 32
419 401 295 507 607 879 909 469 649 815 231 783 489 11 373 389 251 207 574 985 593 958 311 916 379 490 0 416 197 656 770 588 301 604 846 937 199 668 859 606 105 87 823 714 169 730 74 633 903 277 504
373 831 924 147 323 198 650 475 155 936 795 589 759 465 947 696 741 448 339 718 481 674 492 71 856 833 808 0 165 434 289 814 725 961 419 965 125 451 894 200 2 380 912 648 97 425 239 32 997 554 330
977 515 925 619 489 61 388 417 721 979 35 209 187 403 696 158 195 864 652 179 323 909 151 137 941 378 828 514 0 314 466 574 359 28 426 603 724 58 103 723 781 210 877 726 840 1000 875 601 474 777 954
457 742 178 222 843 521 86 685 106 210 611 891 499 65 787 858 558 9 629 961 715 700 591 556 978 367 283 470 928 0 71 303 343 312 780 871 166 841 23 23 904 889 904 413 425 668 792 104 487 920 515
333 92 907 369 626 601 33 865 889 611 418 851 52 590 576 138 829 567 947 468 604 323 262 422 15 918 360 596 916 162 0 788 69 377 19 755 319 408 806 235 39 246 383 413 606 984 93 958 553 600 685
149 177 982 525 8 119 907 696 383 449 557 23 112 127 9 314 787 245 696 505 332 381 514 755 792 848 887 798 909 652 379 0 928 268 998 529 743 95 964 401 343 55 764 284 205 546 3 779 794 251 108
389 730 268 401 283 186 341 895 786 384 311 380 132 270 13 851 504 267 59 280 230 911 744 294 24 725 453 128 36 429 739 404 0 785 137 811 855 215 170 159 555 54 968 101 354 872 572 754 287 559 204
118 488 7 779 414 133 689 356 971 808 206 354 417 760 418 770 578 719 207 59 601 131 519 778 764 895 469 270 944 112 776 430 924 0 30 676 105 283 652 588 748 708 422 211 789 95 962 950 15 380 746
773 448 191 841 706 927 814 408 848 924 142 429 420 158 382 956 687 110 169 624 470 776 451 935 781 748 329 157 653 543 134 26 751 629 0 729 709 615 38 469 153 535 883 547 398 651 505 31 592 849 186
788 527 501 154 105 934 329 414 331 372 455 34 765 372 69 807 209 139 670 579 995 64 529 207 632 849 653 929 959 241 99 206 470 994 36 0 854 880 783 864 874 430 384 675 488 244 780 962 33 145 356
612 41 284 710 484 677 430 733 88 548 592 142 405 357 30 689 518 123 604 21 480 222 132 961 303 608 73 359 495 900 178 642 960 12 248 386 0 456 565 650 307 82 289 54 773 899 743 504 808 694 404
646 298 582 457 55 947 81 842 387 708 670 304 250 916 818 888 920 286 363 20 237 199 822 525 405 987 704 292 709 917 240 26 896 351 515 676 578 0 131 946 147 917 405 669 107 428 366 559 861 525 497
598 859 129 855 480 504 448 445 683 94 200 959 247 240 921 162 163 106 786 425 323 924 424 909 573 423 755 827 367 337 358 78 783 102 641 255 119 708 0 311 279 385 150 798 80 571 554 709 152 761 573
135 416 461 760 542 894 886 918 929 422 969 656 585 1 797 692 269 504 391 204 254 844 333 789 80 26 40 242 155 329 578 954 975 99 705 841 730 421 328 0 969 219 342 815 408 327 718 772 595 573 667
536 834 519 888 766 491 145 602 561 259 366 640 673 900 326 757 135 445 705 395 67 921 439 475 254 687 985 762 188 258 935 636 257 207 362 828 24 203 514 135 0 771 390 323 46 189 141 664 47 703 522
537 157 289 550 399 379 114 20 565 872 849 343 381 387 19 406 212 114 773 377 264 299 784 547 134 97 425 781 648 521 108 28 482 931 938 508 301 425 541 151 650 0 749 57 71 690 957 369 994 742 633
452 532 84 480 193 320 719 474 31 513 126 816 260 961 341 531 761 960 387 537 84 445 305 353 446 476 641 727 71 280 35 534 680 609 564 407 213 936 618 806 829 237 0 281 242 231 290 774 944 183 992
649 42 881 907 906 430 501 321 190 93 335 522 50 51 387 773 221 909 11 890 283 375 449 501 958 837 670 497 795 460 257 623 183 800 253 990 850 223 773 631 614 355 390 0 547 648 360 82 762 781 842
262 772 850 150 551 847 579 236 642 626 782 719 641 54 794 933 348 110 942 153 983 145 761 361 383 340 815 900 682 517 542 661 769 700 683 391 493 657 253 758 391 940 235 547 0 336 14 993 636 966 925
598 481 788 909 121 751 269 834 29 303 172 382 649 968 606 892 336 923 988 670 933 888 658 197 564 248 935 147 420 662 996 150 459 377 130 862 784 425 400 981 725 809 837 208 7 0 270 130 715 229 481
491 8 435 455 944 260 178 429 255 144 221 396 314 141 238 999 563 742 554 349 621 964 24 54 722 217 414 164 378 681 688 967 30 389 627 490 468 759 733 693 43 929 866 966 451 577 0 493 251 166 873
774 943 17 896 839 344 238 126 798 963 485 686 121 392 358 749 287 492 100 487 321 705 356 984 228 82 21 245 369 154 675 163 480 615 177 359 19 869 320 719 789 13 740 962 318 714 552 0 751 390 857
357 15 53 764 518 696 671 926 171 871 1000 312 499 650 287 297 872 672 925 815 553 462 290 811 973 668 874 308 835 699 958 11 760 934 988 545 690 721 285 394 46 214 506 900 82 869 458 463 0 27 519
693 576 503 482 910 773 26 247 721 776 717 121 388 287 767 887 28 881 339 612 278 422 162 244 7 954 878 712 881 641 825 810 888 237 453 645 354 265 600 640 61 622 447 94 847 541 748 682 376 0 411
178 918 663 244 409 709 433 139 364 948 889 279 334 791 1 410 387 526 521 969 827 813 287 542 220 940 494 812 888 737 969 750 814 287 744 385 500 28 747 772 310 730 169 36 324 867 384 818 209 469 0
15000 15000 15000 15000 15000 15000 15000 15000 15000 15000 15000 15000 15000 15000 15000 15000 15000 15000 15000 15000 15000 15000 15000 15000 15000 15000 15000 15000 15000 15000 15000 15000 15000 15000 15000 15000 15000 15000 15000 15000 15000 15000 15000 15000 15000 15000 15000 15000 15000 15000 15000 15000 15000 15000 15000 15000 15000 15000 15000 15000 15000 15000 15000 15000 15000 15000 15000 15000 15000 15000 15000 15000 15000 15000 15000 15000 15000 15000 15000 15000 15000 15000 15000 15000 15000 15000 15000 15000 15000 15000 15000 15000 15000 15000 15000 15000 15000 15000 15000 15000
