100 50
706 570 31 301 112 587 967 773 514 771 407 899 583 162 628 210 827 159 831 709 568 139 121 865 65 151 619 961 111 231 337 443 839 1000 866 447 601 745 285 693 358 807 195 228 598 750 602 141 137 926
409 85 838 903 255 288 471 239 463 80 341 613 777 639 945 930 107 405 908 119 49 333 969 824 20 196 495 681 950 391 28 740 736 607 895 96 293 699 6 130 757 291 443 637 643 570 371 783 95 676
303 573 105 361 515 903 987 355 122 299 335 403 325 4 461 851 474 858 436 551 732 535 531 264 14 365 555 360 660 217 314 955 90 125 986 998 942 879 853 69 472 250 260 425 791 74 358 993 224 251
4 266 982 423 716 897 216 344 813 798 842 265 783 266 693 438 433 704 869 419 513 38 184 693 190 397 894 209 156 188 700 783 102 943 927 594 348 745 303 316 908 262 520 170 421 124 593 632 40 194
674 778 15 291 289 232 978 582 819 745 134 282 642 48 760 596 273 27 127 253 514 330 766 892 811 508 60 235 373 79 661 989 79 481 685 800 338 628 812 221 132 731 437 176 813 809 597 517 936 874
804 971 263 474 5 67 22 733 86 210 833 518 374 552 33 235 238 767 789 803 169 647 684 942 28 301 132 101 742 675 368 426 860 653 592 258 404 978 493 619 238 333 928 681 250 854 405 904 395 598
243 372 148 886 694 868 375 999 850 184 486 287 597 670 645 433 911 89 926 499 986 42 598 64 835 311 304 405 53 117 497 240 942 360 803 982 131 826 573 81 326 183 700 523 552 190 103 177 72 198
203 348 235 250 817 398 565 910 284 304 374 595 784 450 762 636 210 67 455 829 304 207 520 33 946 478 931 197 813 537 307 794 631 275 74 379 381 304 953 732 591 459 564 564 232 684 658 95 155 879
594 6 953 369 815 886 652 927 232 729 341 934 889 653 38 312 905 975 741 554 527 995 740 435 756 813 270 693 178 887 153 184 55 467 110 702 324 744 252 181 287 311 862 322 827 945 916 215 489 725
233 590 469 124 62 806 599 731 89 464 398 5 184 166 938 127 785 807 526 677 110 7 635 507 382 501 67 666 646 895 31 58 822 809 388 119 329 899 417 96 743 403 238 320 375 726 176 209 484 417
992 26 274 475 909 359 141 212 482 476 621 833 936 607 951 75 485 636 340 541 340 335 117 144 168 820 496 401 290 905 451 953 453 855 686 802 736 491 529 539 483 876 820 360 586 241 113 712 651 711
778 228 884 83 241 999 387 345 593 483 810 880 512 70 806 132 51 284 671 972 36 514 914 178 518 90 43 198 936 333 944 256 532 553 261 772 556 857 188 714 182 194 70 810 626 888 907 849 132 333
693 369 294 877 290 782 679 551 955 188 786 331 921 861 790 565 136 27 820 849 642 596 996 72 345 118 766 360 455 487 50 341 979 457 451 162 949 598 293 786 579 219 989 28 911 650 88 747 641 548
937 204 800 668 266 806 469 771 148 205 318 135 13 243 716 400 670 199 373 905 978 968 16 433 664 442 695 182 684 688 21 46 620 458 53 179 749 955 194 321 285 766 922 915 375 154 45 684 665 867
764 137 609 731 464 470 643 520 598 364 750 522 217 376 229 1000 263 696 191 794 919 299 105 195 729 786 213 644 528 426 241 803 590 803 173 208 45 324 631 433 500 375 132 568 779 565 746 79 501 678
389 103 119 649 860 506 702 437 263 886 842 567 694 385 613 900 813 681 788 928 32 515 921 251 482 27 186 146 930 689 584 272 76 284 111 872 369 886 108 820 637 506 196 764 83 849 714 873 660 842
873 31 464 149 336 61 996 138 551 903 769 15 891 305 661 352 515 602 140 717 312 743 770 526 502 693 196 188 974 718 140 694 836 113 634 673 274 189 703 815 745 950 649 672 152 304 644 289 244 501
319 50 55 464 627 914 405 695 374 712 459 190 390 650 687 177 864 212 727 301 222 326 644 404 187 464 545 10 149 828 937 334 482 927 320 513 668 134 659 152 494 867 43 744 849 729 586 7 766 981
597 44 834 293 598 992 10 972 60 265 916 538 404 557 238 777 20 139 167 76 185 814 837 140 51 5 965 245 724 568 443 376 799 820 235 25 937 405 581 216 577 821 46 271 730 342 621 785 12 424
886 453 873 113 533 146 4 534 362 138 661 799 683 71 825 494 450 600 542 236 815 999 741 103 276 195 87 169 70 905 975 901 929 173 584 426 806 622 858 20 110 700 867 336 275 418 50 213 750 39
146 464 144 743 26 13 214 801 199 944 782 932 846 474 634 866 309 294 211 188 958 630 803 830 423 511 241 917 551 660 380 957 961 140 351 169 844 990 329 127 765 120 278 210 659 670 523 895 30 506
432 929 624 41 81 613 932 235 45 374 653 132 19 634 857 131 874 279 976 704 447 76 834 875 563 988 95 913 215 898 644 653 455 462 560 353 186 690 3 672 47 377 281 438 92 576 25 526 629 33
364 696 553 891 654 800 663 876 208 230 388 975 292 607 267 885 634 542 341 947 667 147 93 121 980 254 550 988 877 596 35 371 1000 918 832 42 730 892 500 410 987 315 399 274 452 780 231 761 767 842
98 983 792 317 359 350 108 612 666 305 605 271 320 909 638 925 711 989 411 317 305 146 290 626 486 174 77 743 243 90 648 294 130 63 206 57 562 749 412 203 98 174 875 841 820 200 487 446 609 996
757 681 449 715 579 220 812 66 872 799 514 807 638 380 863 565 357 670 484 895 959 806 156 74 507 215 351 3 930 388 879 113 847 692 189 197 542 639 384 935 695 150 284 778 179 304 126 632 980 913
651 209 50 603 669 501 249 750 243 849 103 83 959 672 421 813 176 212 392 386 874 406 103 182 231 286 101 629 299 109 596 841 59 908 951 124 230 997 701 857 102 540 540 983 109 851 391 386 864 99
635 816 923 255 910 764 44 644 899 754 927 313 664 49 482 434 324 653 153 157 900 456 793 243 117 270 829 175 715 349 172 573 804 950 852 455 498 827 828 120 935 973 110 83 478 471 816 641 947 669
117 348 446 350 772 372 309 359 673 963 360 50 583 820 142 633 771 42 10 352 504 793 391 964 61 915 897 36 678 279 21 342 535 179 201 116 189 326 778 943 81 202 321 644 929 202 317 28 44 437
559 480 141 449 904 372 52 208 801 365 308 526 239 926 115 478 162 242 375 715 189 260 523 537 394 37 962 324 917 621 792 158 675 741 472 59 87 784 440 540 73 231 218 419 229 172 307 115 790 16
947 876 798 591 717 263 446 982 549 868 490 523 418 71 698 881 574 454 641 889 96 299 115 159 105 794 67 230 188 367 366 933 210 461 855 670 52 126 991 308 796 186 838 809 151 292 584 28 869 553
661 973 644 974 830 690 465 824 471 28 373 363 524 210 294 37 920 963 561 988 262 370 395 600 670 184 609 351 704 323 96 603 9 605 553 580 963 335 418 887 767 313 320 12 275 731 53 717 526 539
993 715 859 732 366 545 451 497 94 521 773 143 802 554 876 813 876 10 956 960 527 537 818 537 235 48 506 743 871 856 865 199 81 863 833 230 668 288 213 545 967 927 857 457 422 826 3 971 359 920
291 592 459 786 625 128 470 414 514 866 604 310 232 600 528 969 979 69 286 659 626 694 964 18 962 851 992 546 960 88 564 56 389 755 371 326 642 581 424 735 926 609 710 720 370 219 111 507 564 192
650 268 418 201 341 9 290 652 405 592 570 364 926 115 923 961 998 773 162 359 134 296 858 41 988 856 173 71 747 114 259 818 321 747 540 725 176 920 130 708 289 834 755 122 769 574 199 850 470 999
713 83 334 348 205 734 989 277 342 826 706 635 389 64 831 562 169 463 482 127 494 605 62 956 574 310 344 952 971 220 315 534 615 592 86 736 242 841 855 954 38 724 431 57 716 941 39 750 621 395
844 380 715 622 827 449 607 175 294 841 419 540 335 500 889 839 6 443 860 255 157 859 388 3 735 185 160 364 424 264 638 369 319 200 210 842 935 287 918 875 289 249 140 604 148 778 703 656 801 49
660 636 659 170 739 444 71 323 240 123 575 632 896 811 152 109 699 641 316 118 437 333 373 470 950 849 400 787 321 133 876 637 951 860 176 927 855 953 28 76 612 321 719 111 995 677 449 699 381 716
945 266 825 279 464 4 867 74 330 152 485 322 19 890 413 351 263 583 373 171 801 263 129 163 716 424 107 512 133 548 549 98 46 954 359 438 791 833 346 173 539 406 576 785 335 70 275 476 987 578
958 91 208 649 941 546 537 495 698 494 920 903 647 436 525 369 375 54 181 297 703 663 706 502 641 121 343 241 101 402 142 325 320 940 382 949 304 658 424 343 70 588 178 200 119 628 295 433 713 192
174 201 517 860 173 853 45 418 467 287 366 195 124 614 540 605 613 785 488 406 893 693 840 961 217 514 61 675 348 979 659 431 721 667 958 286 778 978 77 689 388 842 114 402 915 295 373 534 327 314
193 108 991 365 315 138 542 569 440 132 988 35 403 460 97 244 259 349 667 159 581 656 528 862 639 924 935 573 937 219 104 454 184 669 58 64 817 304 493 354 832 4 634 157 853 121 14 288 289 500
107 890 17 997 723 479 914 448 887 384 872 334 688 982 86 927 820 291 416 238 712 179 362 85 83 918 490 538 852 823 694 316 643 668 330 475 789 573 965 185 235 500 647 206 352 57 574 110 442 26
174 224 907 566 711 640 81 251 514 882 827 665 975 622 324 146 628 342 345 46 562 767 608 139 472 690 705 875 728 54 619 572 840 804 448 715 688 990 449 455 331 777 139 225 955 422 55 508 497 504
823 175 950 904 145 434 290 769 654 326 814 826 159 886 793 374 406 658 139 683 899 980 474 169 664 513 202 393 534 872 686 97 583 794 119 818 344 293 862 67 330 767 738 357 50 231 555 534 655 570
278 505 474 626 871 887 407 329 232 992 150 907 832 88 931 531 953 192 651 382 810 666 978 751 985 419 479 658 642 601 354 154 364 196 264 554 296 815 963 319 94 720 264 220 768 79 964 812 175 872
761 532 739 650 714 620 994 41 372 528 331 240 77 261 877 219 709 799 256 496 735 431 637 682 678 388 570 920 5 802 102 203 787 941 264 489 375 676 503 118 926 161 38 215 991 746 771 881 59 532
791 284 875 540 134 460 422 640 126 769 353 736 722 270 536 922 788 802 660 489 295 668 198 656 92 895 35 776 266 912 699 880 299 808 597 283 480 753 966 830 400 924 822 159 557 15 708 581 785 61
665 565 600 1 630 643 632 204 519 779 595 970 493 473 213 704 131 916 928 939 808 335 302 66 733 347 612 320 524 687 354 226 613 292 543 912 574 863 575 330 638 885 222 945 169 640 60 657 587 219
579 168 738 900 761 976 415 34 221 572 416 539 659 538 375 566 42 114 484 465 99 594 165 395 997 444 402 133 566 183 738 36 627 389 542 308 696 331 833 390 847 849 551 467 945 977 388 70 122 898
247 823 358 882 579 28 934 691 794 505 695 720 764 132 764 666 760 659 269 625 463 203 354 368 318 697 278 440 239 236 21 893 781 210 288 423 250 575 804 846 839 604 607 164 988 316 230 323 787 716
357 169 191 905 907 777 935 207 943 315 606 146 389 362 771 51 671 81 154 859 381 172 356 641 248 556 623 171 255 671 339 657 492 262 146 546 427 44 484 855 365 392 214 411 315 209 430 179 314 520
618 223 418 861 701 593 824 482 1000 783 176 362 441 857 144 985 634 159 641 442 9 440 221 572 955 749 570 992 866 336 626 676 380 420 916 141 725 205 406 989 417 969 616 288 633 820 393 67 34 399
219 955 287 783 739 33 766 839 491 847 981 853 30 999 663 977 959 507 264 469 916 655 44 712 56 767 190 609 621 213 417 582 700 518 783 59 895 189 20 184 341 94 765 30 599 338 239 521 382 877
555 335 136 921 487 960 681 589 864 95 484 199 993 672 885 642 548 629 139 915 341 557 159 395 420 831 234 63 348 615 106 1 81 63 979 17 16 748 105 373 935 579 121 332 930 79 553 507 591 999
595 457 961 634 711 260 582 143 817 378 46 612 299 159 929 610 853 861 731 562 895 664 188 624 663 706 868 323 349 890 225 846 155 347 529 922 30 716 766 173 596 422 311 286 669 64 735 896 276 968
572 635 571 718 501 767 769 987 497 179 946 77 935 329 715 331 979 129 2 511 579 928 952 96 459 938 95 141 20 975 803 222 298 916 885 516 113 195 127 616 362 129 59 775 917 22 126 780 108 140
914 115 656 227 731 268 249 187 762 186 348 827 950 528 302 983 404 952 507 596 517 886 728 370 16 639 661 62 861 214 706 225 899 320 204 454 520 763 385 238 463 891 482 54 233 419 284 703 307 401
271 800 899 996 859 137 893 229 347 686 160 753 403 183 640 67 43 429 416 680 986 593 840 392 595 358 470 750 25 618 673 886 725 395 201 148 285 206 112 466 98 40 605 870 70 26 862 372 158 213
519 221 718 253 930 211 594 946 304 870 467 393 66 911 617 719 587 181 31 444 187 319 506 172 751 77 476 158 698 421 863 397 982 435 239 60 635 69 510 771 820 518 206 648 317 927 860 496 178 55
199 168 743 644 253 975 60 177 741 695 714 809 534 323 141 295 890 703 976 10 137 952 598 623 723 111 767 742 344 667 269 976 748 135 298 369 39 439 855 659 406 86 246 245 38 624 905 625 502 130
633 477 432 825 190 96 860 832 474 499 386 4 846 808 241 221 14 954 827 998 817 437 584 711 276 544 13 710 622 761 179 554 890 991 626 906 26 648 662 282 82 667 461 464 8 183 483 802 452 759
700 120 697 425 918 527 901 174 504 383 896 894 804 852 593 697 894 555 712 185 559 576 28 271 346 760 331 937 420 28 424 841 948 970 434 797 411 138 283 658 753 789 932 86 194 730 924 438 920 173
217 193 726 398 383 699 768 174 199 196 382 792 685 309 94 930 489 685 685 499 788 705 423 792 127 267 238 798 813 901 333 243 939 690 479 538 490 479 303 667 126 780 480 496 919 58 123 996 58 143
874 151 311 426 971 784 465 770 213 934 879 954 504 856 580 29 308 257 27 859 58 771 641 841 20 837 963 381 861 730 943 72 865 457 776 563 910 683 859 225 279 980 627 507 513 692 128 459 25 849
575 989 356 765 565 202 997 555 304 312 974 810 584 518 38 15 635 853 411 723 8 963 955 502 200 831 490 18 637 620 983 321 319 710 679 356 972 894 847 108 80 40 845 715 479 492 668 684 68 544
836 93 73 8 950 635 211 315 595 48 985 198 911 941 117 2 677 585 154 575 825 365 503 843 309 773 789 546 887 933 670 645 825 644 440 74 125 325 423 73 189 813 363 362 950 100 176 775 474 133
665 309 23 912 960 157 317 6 18 949 360 902 488 200 171 253 387 157 623 348 203 602 72 459 865 731 492 952 877 894 358 47 585 831 648 724 920 586 759 301 452 815 487 661 324 75 901 294 449 975
501 249 134 198 772 401 194 68 497 921 444 394 121 11 699 120 822 478 123 293 487 27 153 866 608 919 351 142 235 642 769 115 514 580 173 895 829 750 900 433 108 904 684 407 707 243 372 658 619 848
120 329 312 203 528 920 784 672 187 259 558 399 757 540 560 223 409 872 994 348 344 405 289 762 156 670 754 278 305 430 914 232 325 450 225 291 977 345 225 635 792 569 808 952 495 656 69 830 538 981
268 514 1000 679 726 624 335 706 727 719 670 287 499 521 715 527 9 949 234 469 870 873 404 398 106 74 533 223 71 740 841 19 893 618 521 873 589 723 442 132 344 964 436 754 287 894 636 329 265 406
780 161 612 9 577 808 678 817 253 178 677 358 510 411 770 604 374 279 852 674 543 266 473 693 711 900 449 833 692 5 848 49 358 23 312 32 512 902 874 45 661 527 121 636 861 947 209 151 590 195
701 631 756 843 232 289 839 732 595 265 610 529 295 874 996 453 106 125 379 676 633 947 777 971 563 335 637 543 371 202 558 110 32 89 829 156 583 538 344 695 617 716 299 24 321 481 206 62 994 910
72 962 518 926 271 406 780 320 767 792 28 817 616 128 776 566 413 233 632 845 888 627 617 84 76 210 745 809 336 735 969 441 208 4 482 780 174 914 842 620 352 631 890 367 902 172 104 512 342 698
31 840 128 322 953 364 376 540 23 227 202 745 167 352 153 600 912 663 725 978 679 345 886 169 92 745 481 844 36 73 420 657 935 801 563 33 795 91 171 235 961 437 824 913 487 279 222 83 731 250
589 290 500 924 311 24 369 74 81 980 242 158 134 329 133 3 324 50 398 434 707 769 176 496 48 190 676 752 177 468 155 713 36 667 676 679 168 747 752 390 921 592 982 84 615 812 280 158 630 686
823 29 221 346 942 67 567 70 753 816 464 825 186 51 513 447 901 87 931 474 670 402 303 451 798 772 445 816 131 993 796 757 25 956 209 951 171 175 667 624 754 785 438 797 851 350 71 288 69 549
843 771 521 33 238 503 986 759 835 989 967 527 373 567 719 347 104 192 155 535 558 667 912 642 25 786 268 550 79 329 588 396 304 845 133 215 183 546 669 421 938 859 849 950 463 197 719 764 824 664
342 401 710 592 12 95 303 537 592 488 850 787 51 710 54 478 677 537 844 57 835 135 405 366 802 177 551 193 206 695 480 451 317 440 902 672 347 925 887 495 343 856 673 176 966 644 916 573 144 419
764 605 146 584 486 285 824 830 296 36 645 581 428 783 179 521 249 324 723 665 673 30 643 523 906 282 185 605 974 375 844 90 698 175 656 944 637 561 115 702 429 590 983 668 396 283 888 360 809 30
112 318 324 779 586 779 452 824 532 222 95 210 579 27 382 290 830 129 430 320 67 306 627 627 555 886 462 27 75 701 109 165 969 768 722 388 264 163 287 541 775 298 709 523 849 460 27 939 3 339
299 571 341 563 916 632 129 410 34 170 914 770 457 201 306 151 700 642 802 23 846 780 863 276 732 811 448 826 396 496 340 202 532 359 151 451 338 938 284 163 673 409 100 217 329 825 733 572 170 183
954 914 273 763 621 624 783 792 679 676 497 982 379 507 967 217 743 319 825 748 825 248 904 304 934 254 249 852 917 90 44 554 874 532 790 869 15 223 804 643 867 280 611 533 497 648 99 724 888 179
525 455 900 455 206 9 707 180 222 823 694 392 424 958 209 424 997 590 204 193 144 253 214 533 882 944 799 624 584 930 166 670 758 386 416 502 995 522 455 236 485 140 481 935 43 570 880 390 661 9
58 855 134 26 749 314 783 485 355 150 185 637 238 726 266 260 476 825 389 491 525 160 31 297 189 577 584 867 422 125 328 305 713 78 526 32 976 872 810 45 720 782 449 71 124 145 812 434 32 111
301 216 150 840 281 296 603 570 572 1000 469 769 617 467 972 521 629 281 911 117 251 276 745 202 98 251 388 268 297 219 782 813 979 708 302 621 500 294 53 316 817 977 978 668 425 532 698 252 5 921
863 749 101 861 49 857 299 167 513 755 222 142 417 398 714 616 934 998 374 243 356 379 764 851 702 147 936 15 437 776 180 353 358 936 131 24 998 502 983 670 893 373 10 204 186 460 182 698 641 272
201 216 175 481 175 619 158 654 195 495 529 594 163 44 641 651 250 273 643 185 699 942 403 389 913 15 368 429 447 51 605 726 161 448 312 383 63 186 35 240 835 309 82 401 977 241 24 714 733 351
196 12 869 313 834 979 128 428 10 248 715 782 411 649 87 626 545 19 524 880 924 712 506 153 993 899 893 21 491 723 990 380 523 927 466 653 485 514 887 342 985 2 922 420 563 634 345 328 785 607
478 936 379 543 606 963 69 627 578 387 119 774 173 90 451 362 847 659 318 723 657 745 546 787 194 241 491 742 85 1000 90 568 647 675 998 233 533 763 33 659 277 276 385 567 158 942 369 245 341 38
16 82 614 264 752 927 733 244 64 333 741 326 515 647 859 92 680 545 340 413 941 584 979 650 859 753 977 982 773 767 217 392 199 770 778 268 233 408 210 428 794 899 639 250 116 707 122 11 693 234
659 787 226 682 643 344 86 671 187 451 451 772 467 360 708 74 137 844 302 838 485 787 280 532 87 220 879 651 935 182 490 12 438 387 993 444 365 565 124 823 457 867 959 216 492 488 171 913 698 522
516 753 294 399 546 304 139 5 658 837 823 10 386 203 263 626 292 835 914 339 127 673 14 272 825 717 160 9 964 728 806 247 338 55 710 345 199 887 295 91 866 724 234 6 832 250 908 737 421 432
426 745 76 337 411 18 853 164 549 492 267 91 62 970 701 560 132 191 664 485 634 526 343 802 495 155 159 51 931 618 875 389 860 95 519 131 404 42 36 671 998 456 666 864 171 464 771 91 487 583
281 563 828 329 444 124 598 911 100 119 188 570 803 524 587 434 768 483 45 806 661 21 784 207 468 695 55 34 579 311 915 829 420 156 671 369 721 769 248 738 446 200 630 844 904 44 236 689 308 53
194 800 104 856 510 170 226 110 312 145 959 244 546 839 474 395 35 381 686 522 520 788 699 979 345 516 677 697 785 131 249 946 267 746 837 733 423 725 868 928 171 47 76 180 810 573 890 441 351 997
871 126 788 5 290 19 797 725 756 869 634 692 381 12 956 407 886 590 100 862 706 608 61 380 48 783 758 983 564 370 366 851 769 838 677 204 705 266 835 661 222 313 911 37 166 19 560 316 722 232
677 637 140 4 660 129 135 353 206 27 92 177 508 196 324 599 584 908 14 683 408 835 801 885 297 749 273 680 734 925 658 592 457 516 234 424 492 224 368 182 398 105 705 286 891 525 516 505 68 369
814 910 990 521 301 147 982 53 493 935 565 451 230 608 278 11 33 136 714 357 154 868 22 579 171 654 192 28 610 23 164 176 376 649 445 779 734 900 654 512 94 840 917 927 438 751 338 875 571 401
785 178 221 579 895 256 684 429 819 220 450 754 974 642 988 262 484 456 9 513 187 181 218 925 822 344 232 364 517 386 487 706 191 595 190 936 846 914 687 270 987 369 213 738 706 256 29 157 540 486
616 292 995 233 437 707 270 461 664 660 839 152 706 841 171 932 906 199 201 901 388 558 949 288 960 659 771 905 639 119 940 766 777 410 930 818 250 8 705 752 798 870 249 642 496 943 319 701 1000 146
0 183 811 559 651 755 787 808 158 668 378 354 239 505 960 646 774 571 49 536 301 843 973 140 365 220 243 207 507 255 116 453 17 645 240 311 701 661 642 298 139 755 420 144 632 178 670 20 228 621 611
207 0 235 835 843 43 50 901 301 605 103 882 952 199 424 428 776 210 937 295 134 857 11 814 997 532 984 697 653 468 359 416 545 739 466 279 376 54 399 497 668 129 587 425 649 566 62 919 988 643 705
202 46 0 913 619 817 709 716 293 644 782 744 10 39 987 145 247 710 554 735 477 367 350 119 467 862 202 524 574 132 180 339 257 690 482 489 897 697 181 633 746 314 427 146 662 92 140 457 725 938 671
801 685 965 0 726 98 420 316 842 407 101 33 105 990 257 642 799 852 855 963 754 497 773 376 799 478 221 294 155 92 952 499 676 562 455 724 40 417 230 416 486 118 837 193 830 876 262 273 304 747 637
205 605 525 357 0 768 524 311 58 766 19 575 928 154 604 107 579 431 649 832 557 395 686 875 891 174 703 233 759 288 969 558 921 918 533 339 500 426 380 381 188 655 491 129 203 836 669 99 611 936 497
125 434 427 620 368 0 97 194 383 609 89 358 17 242 454 834 521 230 174 297 913 19 821 533 718 692 634 634 975 898 45 875 456 333 117 948 530 801 588 485 745 659 573 784 373 349 218 460 707 664 97
67 321 163 334 442 813 0 225 699 772 951 512 338 522 776 369 324 273 498 232 240 740 564 649 775 613 616 392 926 976 832 468 912 998 783 13 483 528 771 193 12 381 34 514 612 359 202 237 562 715 101
915 621 157 259 585 225 589 0 860 446 739 190 720 723 866 564 579 234 737 974 565 828 27 771 425 798 139 907 205 825 564 640 726 661 922 148 350 405 358 379 403 253 53 341 528 194 840 206 459 505 472
168 769 442 282 351 377 126 834 0 331 929 414 992 74 771 644 524 797 683 177 416 263 55 714 245 75 558 13 922 646 330 684 191 897 205 170 36 806 956 383 449 602 874 747 589 431 451 835 459 337 855
672 732 620 765 576 557 390 570 983 0 384 748 550 936 380 193 628 964 98 293 871 223 843 991 102 594 784 897 975 593 734 896 24 138 640 742 309 717 729 485 538 123 726 146 917 443 135 123 321 844 833
419 437 575 661 930 396 205 335 945 25 0 302 463 310 544 710 922 863 618 814 621 215 745 581 340 476 435 388 915 349 69 313 235 263 119 636 547 459 598 411 879 752 664 549 398 614 866 29 428 848 307
649 239 858 331 716 585 764 694 449 934 327 0 27 919 373 979 799 635 309 948 167 470 775 486 57 727 906 663 145 891 592 481 601 69 508 120 942 233 588 582 124 585 404 727 418 329 487 746 386 911 837
798 98 407 377 658 443 192 204 722 356 423 585 0 984 813 417 920 594 946 586 520 590 123 724 237 335 28 338 197 111 14 896 616 23 75 679 43 264 948 152 248 482 834 373 741 578 732 522 443 102 331
124 271 633 889 293 218 879 465 896 507 81 926 151 0 346 981 150 603 926 288 652 761 942 88 826 698 79 852 878 507 255 139 731 124 110 815 546 800 328 269 805 481 311 990 747 625 786 117 965 88 521
917 635 463 165 443 369 854 146 13 53 809 899 891 877 0 807 716 711 342 664 274 348 633 903 294 678 440 582 304 575 402 446 72 474 569 8 188 261 44 243 355 637 661 148 724 998 23 114 989 425 826
267 654 530 351 52 208 992 937 97 370 97 407 714 718 832 0 146 936 398 32 846 456 909 34 371 756 874 228 73 51 593 48 574 480 978 495 780 539 307 963 682 759 635 165 908 825 304 579 793 62 209
538 185 518 444 96 453 22 479 755 158 602 507 792 79 988 633 0 197 455 430 46 830 245 55 114 378 3 651 634 810 686 453 359 357 634 849 931 924 8 635 129 113 162 496 189 949 783 396 238 40 296
290 183 645 787 716 563 470 405 1000 243 367 892 816 665 925 692 235 0 757 312 792 280 698 544 177 142 762 205 342 836 879 497 451 123 95 918 859 539 197 468 941 847 896 306 229 191 359 168 17 771 701
276 165 92 133 81 327 355 298 756 202 760 564 534 69 474 502 901 326 0 60 906 680 949 104 467 91 396 756 236 572 717 118 647 96 566 182 721 240 346 571 315 727 520 257 380 640 740 570 444 998 951
840 15 110 805 777 928 552 713 571 949 790 270 288 349 212 640 798 980 430 0 240 37 25 19 147 323 709 775 173 901 537 749 478 707 95 287 334 664 552 177 488 274 109 26 673 448 991 891 83 566 576
291 593 664 486 952 37 599 69 750 170 670 539 136 155 19 242 968 189 944 465 0 406 821 673 777 50 777 826 356 904 619 440 155 671 100 159 52 71 219 780 694 374 284 116 350 456 713 84 242 447 879
512 208 631 905 146 100 424 934 427 622 651 373 872 339 873 510 124 44 636 872 109 0 873 893 88 418 524 646 800 294 338 107 112 843 284 236 293 29 768 451 588 985 327 67 62 78 793 352 643 590 277
62 708 251 404 911 260 584 485 333 227 807 899 386 662 64 376 132 800 68 13 232 123 0 222 80 218 266 56 498 677 651 521 961 728 216 991 258 719 443 782 961 51 998 593 116 810 476 234 642 748 967
465 185 759 76 654 590 421 174 111 179 627 954 490 783 815 429 774 69 956 82 599 950 843 0 136 523 147 371 614 527 687 730 670 997 521 81 805 49 761 378 515 479 681 634 362 422 237 105 68 438 562
278 344 975 380 722 981 818 206 58 814 623 49 871 975 868 410 72 74 511 624 583 521 200 47 0 802 832 816 435 593 355 287 163 775 730 791 393 188 690 837 833 811 962 397 854 429 446 93 699 896 139
262 17 284 86 666 907 551 623 786 180 349 823 178 990 519 734 509 487 442 954 945 219 394 170 148 0 308 182 23 732 45 470 7 183 589 578 464 713 403 438 793 342 308 471 698 475 369 291 389 619 71
737 188 371 447 884 427 747 880 973 177 640 244 158 304 109 134 703 419 435 46 816 443 908 775 242 14 0 445 593 235 493 239 906 638 697 385 328 377 640 736 76 613 266 573 364 838 387 651 446 213 646
630 791 591 167 24 881 743 550 125 900 889 660 46 327 920 677 990 202 204 381 10 5 637 987 478 927 520 0 127 418 243 230 959 920 778 133 194 520 283 127 56 493 567 91 351 700 196 336 999 237 356
277 192 424 742 410 846 763 524 476 276 177 696 719 557 844 359 465 443 525 23 61 166 53 195 398 765 89 867 0 396 386 628 909 725 188 897 502 189 209 206 441 71 498 165 932 98 371 504 691 874 18
525 346 324 67 464 304 332 70 331 130 637 210 44 42 259 535 199 628 736 104 993 606 643 206 302 772 34 876 874 0 71 849 497 637 262 353 136 887 738 800 850 796 16 760 571 485 763 287 745 821 328
190 169 810 40 869 782 888 50 971 961 667 632 390 37 99 451 212 642 840 743 790 370 193 611 742 883 523 741 323 754 0 147 13 988 303 310 607 949 259 608 206 245 770 681 199 730 360 613 789 156 237
144 154 355 724 528 833 609 660 844 442 620 108 127 257 924 263 341 114 555 888 558 237 636 105 354 195 305 249 603 168 289 0 344 10 545 134 162 763 921 834 498 808 808 668 194 624 991 299 928 597 788
821 614 243 688 558 27 16 190 243 291 251 16 139 68 704 76 614 31 565 531 306 368 136 494 814 778 290 303 586 47 894 478 0 276 343 889 65 463 688 380 395 789 414 506 24 661 460 269 1 958 324
255 563 630 110 296 195 244 924 899 406 732 815 923 523 743 949 637 239 705 568 635 80 489 452 125 967 562 716 353 75 153 336 951 0 73 869 680 994 787 616 501 964 365 721 780 414 441 995 97 813 154
418 913 930 488 580 696 618 348 237 658 943 773 377 646 921 438 478 499 326 706 388 985 4 132 81 668 337 604 27 808 461 977 136 160 0 452 259 258 107 382 398 220 359 793 889 450 146 867 265 949 273
489 500 90 633 852 686 165 187 501 544 821 349 44 329 186 176 207 862 160 937 806 531 535 463 96 728 40 455 320 307 971 847 14 614 479 0 752 192 155 204 123 791 277 403 903 597 949 464 46 365 109
629 602 15 556 622 603 211 641 964 577 338 959 442 300 792 120 617 892 582 40 714 257 181 333 666 193 329 933 476 503 447 327 220 390 859 600 0 606 10 842 774 991 94 623 740 477 379 662 588 294 152
409 229 365 473 803 359 960 687 127 187 829 681 327 159 909 350 630 181 313 486 900 444 141 47 468 221 956 118 358 166 102 883 797 146 140 91 456 0 989 798 625 509 399 652 521 416 989 649 297 132 105
833 254 163 783 346 557 654 519 6 910 659 212 452 858 504 156 213 378 565 337 79 934 120 897 510 102 205 986 973 402 683 529 675 359 250 827 974 691 0 268 431 370 427 492 821 676 452 808 805 562 664
821 418 273 417 772 265 230 197 400 702 856 861 101 662 489 688 957 425 502 57 166 628 855 973 14 82 403 281 266 688 128 422 641 67 555 14 333 425 935 0 302 743 292 444 371 514 44 261 540 706 190
358 446 521 846 890 71 136 511 171 393 809 180 234 561 783 313 218 728 463 679 480 47 920 403 937 219 873 343 760 246 528 387 200 116 288 446 280 414 757 589 0 586 279 407 956 344 149 423 627 118 310
283 240 526 715 540 351 897 687 483 546 752 252 800 318 940 439 715 31 171 152 987 540 611 571 824 168 739 970 96 251 414 195 68 542 916 943 499 211 267 876 871 0 915 167 399 115 868 155 247 922 859
525 886 325 492 726 870 291 963 582 559 412 521 659 158 669 956 782 79 697 496 52 196 121 326 776 826 970 401 590 315 182 543 806 423 489 107 84 756 359 38 438 633 0 428 904 49 294 484 31 111 358
985 897 22 471 944 265 514 54 181 599 790 158 507 512 419 856 483 81 111 139 842 36 799 638 503 874 501 643 98 59 879 721 610 710 8 577 486 246 3 546 618 665 365 0 684 928 671 789 246 129 977
625 825 150 816 805 95 918 345 926 762 113 834 435 994 14 639 708 216 926 128 339 982 452 252 532 84 399 17 354 551 127 831 413 405 542 150 567 693 755 237 241 451 981 906 0 170 202 344 431 709 366
758 460 459 664 827 810 493 160 276 121 853 276 676 20 713 715 952 823 96 901 624 346 692 847 288 778 748 126 219 238 461 295 195 859 752 246 220 734 609 483 764 900 844 734 830 0 21 171 299 364 85
942 365 220 621 831 908 256 791 906 583 968 803 301 896 400 952 460 121 461 651 39 26 621 323 510 983 131 418 728 609 820 208 303 392 243 5 851 431 743 603 678 279 291 992 442 540 0 663 665 398 717
756 43 535 359 484 134 489 623 37 581 135 975 301 236 641 44 50 819 990 540 502 522 351 252 812 113 176 354 169 590 3 778 813 818 500 446 740 774 358 543 328 855 383 824 881 448 218 0 568 172 69
473 214 239 325 623 168 215 377 982 253 119 894 320 524 768 368 430 612 411 464 356 959 476 526 834 994 47 773 243 965 276 935 290 469 236 381 239 817 850 38 827 647 655 526 139 5 412 55 0 200 956
762 902 297 894 996 284 566 899 129 723 419 664 976 985 842 122 883 647 834 778 436 197 426 286 632 153 703 893 754 702 841 974 1 225 941 927 170 902 331 324 422 286 814 706 349 87 474 669 461 0 264
698 709 948 329 238 359 72 2 351 166 984 365 278 589 972 459 718 554 57 928 818 650 21 135 455 208 566 997 339 177 52 104 598 800 808 302 953 758 214 409 253 672 925 971 141 626 379 931 204 811 0
15000 15000 15000 15000 15000 15000 15000 15000 15000 15000 15000 15000 15000 15000 15000 15000 15000 15000 15000 15000 15000 15000 15000 15000 15000 15000 15000 15000 15000 15000 15000 15000 15000 15000 15000 15000 15000 15000 15000 15000 15000 15000 15000 15000 15000 15000 15000 15000 15000 15000 15000 15000 15000 15000 15000 15000 15000 15000 15000 15000 15000 15000 15000 15000 15000 15000 15000 15000 15000 15000 15000 15000 15000 15000 15000 15000 15000 15000 15000 15000 15000 15000 15000 15000 15000 15000 15000 15000 15000 15000 15000 15000 15000 15000 15000 15000 15000 15000 15000 15000