100 50
2 1000 929 353 104 229 778 721 519 808 338 293 545 301 814 209 55 246 748 67 742 788 618 961 236 914 788 29 222 746 746 941 970 459 134 571 691 540 3 434 88 159 195 90 304 685 306 177 874 551
770 546 651 902 552 378 595 636 871 927 952 999 988 275 325 895 940 782 282 860 853 258 402 47 615 315 82 267 854 763 796 946 168 528 572 521 306 611 550 913 247 53 436 987 176 554 908 701 957 116
561 883 723 892 567 901 228 689 461 128 42 198 736 250 649 759 689 120 293 786 226 868 46 571 715 943 39 966 532 836 472 750 648 651 49 353 306 422 335 939 157 376 15 255 21 777 30 485 444 460
402 290 435 943 47 272 942 153 761 228 443 524 896 650 98 731 789 680 490 118 209 679 606 494 695 710 112 41 577 376 219 915 788 226 906 19 421 848 272 863 552 298 970 575 864 281 948 577 322 563
755 219 373 862 971 483 517 240 168 567 56 564 957 804 932 654 674 669 753 894 708 663 70 275 509 316 109 482 641 467 968 160 591 517 766 47 162 321 889 391 967 294 744 751 38 641 813 521 355 600
690 684 554 897 731 869 719 803 372 215 186 50 213 352 193 942 335 270 279 560 982 500 611 327 960 581 382 649 396 687 554 949 513 105 603 966 69 631 847 296 959 488 570 142 346 730 493 1000 613 985
621 918 92 538 18 784 321 685 262 624 490 769 631 163 97 560 612 221 443 671 383 771 951 475 235 375 221 630 149 60 196 161 454 520 383 247 91 498 328 272 352 886 155 709 176 860 754 452 380 859
722 36 159 26 513 123 21 379 78 665 373 24 952 51 68 967 156 592 941 479 572 992 632 27 940 45 640 672 406 39 416 382 799 167 420 595 481 277 540 786 317 458 795 285 984 814 135 27 902 774
929 743 336 875 886 7 528 8 779 396 371 291 90 678 960 357 365 74 919 899 347 61 906 174 903 337 797 640 694 812 303 350 352 912 107 185 433 611 709 115 486 832 180 112 319 662 262 476 770 272
171 245 623 226 865 938 980 588 712 285 814 225 643 715 369 606 183 98 763 703 690 929 695 113 73 233 588 981 482 371 858 635 79 194 520 570 436 57 388 895 429 322 83 253 20 461 169 872 331 529
391 14 174 731 205 977 437 664 573 579 163 233 994 869 9 717 153 809 935 636 298 575 349 1 120 237 710 740 688 157 562 257 914 735 20 22 167 256 405 65 985 820 337 345 395 901 529 753 181 497
563 154 630 851 479 11 964 443 430 990 180 494 804 952 130 510 181 569 431 189 39 125 404 599 859 606 555 763 588 99 199 521 966 988 347 229 764 72 907 352 497 681 657 900 293 183 545 837 258 920
283 7 425 978 254 575 328 203 654 616 477 367 986 421 426 70 207 221 825 149 352 183 660 133 265 148 498 83 918 191 716 893 618 329 127 211 179 273 593 648 668 235 641 74 601 785 82 298 140 307
240 243 258 94 255 783 790 163 910 349 467 364 456 416 589 81 298 48 949 1 42 779 433 234 563 887 371 921 715 71 239 686 906 756 679 429 872 161 999 143 257 371 737 825 535 967 159 736 879 329
714 100 193 60 57 712 791 925 385 608 476 350 460 371 19 449 978 751 593 583 934 1 629 391 109 485 68 292 524 780 167 967 151 960 306 471 821 685 245 702 850 441 13 728 428 875 626 687 989 72
644 614 799 990 216 897 862 738 871 49 551 75 729 991 989 41 653 928 751 572 892 541 638 647 576 652 715 619 366 504 990 749 16 771 119 79 784 273 142 318 240 187 739 568 242 503 848 401 693 900
72 162 238 462 309 85 437 586 6 17 908 163 879 714 128 730 173 768 728 707 501 37 476 553 410 327 33 91 271 47 410 768 982 729 214 110 729 476 547 684 992 874 283 859 981 190 907 382 486 472
452 736 332 802 155 218 696 404 47 835 975 475 79 893 669 413 866 408 713 513 752 105 105 466 565 956 562 203 255 81 805 671 962 94 741 163 955 640 309 450 664 478 258 439 266 241 779 51 636 36
970 30 391 707 100 623 688 922 508 228 437 643 277 286 824 912 369 132 603 993 29 19 516 808 857 670 576 847 159 248 129 721 445 506 671 554 375 697 707 259 816 511 155 705 840 317 241 705 447 901
718 825 401 150 462 977 74 490 789 693 594 421 99 328 966 713 687 58 611 486 832 144 132 64 513 492 572 916 706 58 184 300 697 910 411 556 109 809 84 749 465 867 134 544 465 553 27 789 32 132
214 708 78 685 792 697 953 251 446 717 311 215 713 142 40 875 422 259 544 943 323 858 439 585 146 49 27 502 512 595 136 357 259 295 791 865 229 144 203 512 235 161 741 182 67 462 299 97 567 4
800 72 956 253 681 186 769 383 548 695 373 231 589 880 357 964 442 847 402 756 419 308 609 756 308 543 647 498 780 103 33 496 731 894 112 619 661 484 730 399 157 812 463 791 651 687 22 712 241 356
693 637 419 39 598 798 886 747 971 422 779 618 952 80 947 453 264 726 777 662 603 271 877 872 218 241 755 606 687 54 766 298 296 175 441 826 342 728 187 462 524 897 167 493 188 562 448 463 422 686
12 94 775 896 227 391 640 669 603 624 26 656 754 737 627 653 658 524 48 148 229 970 872 747 457 836 250 334 965 10 717 533 831 414 163 226 535 975 148 306 261 529 460 39 432 982 380 633 316 821
23 10 997 444 433 615 947 269 604 906 163 405 51 947 852 731 85 159 970 974 178 399 259 390 347 961 123 993 959 522 337 979 671 682 784 366 947 473 363 221 149 770 983 490 503 186 562 637 120 167
353 89 614 366 177 363 592 23 106 95 421 563 286 282 301 35 398 582 272 354 711 704 684 910 481 819 683 993 921 496 948 526 239 33 280 935 758 187 788 634 346 649 576 436 758 557 942 300 517 192
719 861 57 223 633 89 49 80 226 669 872 342 385 589 84 574 919 931 510 916 791 428 74 181 448 684 902 907 812 541 279 624 647 434 818 250 995 705 818 170 721 378 218 942 244 60 610 960 62 600
534 220 121 402 361 701 605 623 51 60 698 782 715 438 738 77 400 353 935 233 936 320 568 339 654 403 662 242 7 233 4 872 578 708 460 930 897 676 564 7 436 112 11 983 623 399 551 753 969 348
126 83 591 20 10 623 157 314 827 898 894 634 696 627 488 760 691 133 782 453 340 349 316 283 1 135 686 14 314 527 41 839 803 243 20 322 301 672 789 203 994 224 17 411 794 967 825 889 798 15
529 361 386 618 724 182 874 744 89 450 11 936 377 532 324 41 294 966 339 545 530 128 725 317 681 687 437 449 867 314 399 146 865 404 818 914 135 922 16 211 24 381 54 859 306 804 692 689 727 429
727 348 707 892 515 412 390 98 378 616 395 498 611 416 126 329 998 505 688 999 16 342 453 797 151 115 402 870 746 941 972 15 636 843 499 229 191 250 356 455 271 544 15 915 201 27 473 632 17 133
626 255 2 882 365 541 289 757 178 28 606 556 228 739 548 830 459 83 261 523 738 285 539 458 547 195 793 571 997 170 562 815 70 644 317 296 193 76 667 268 769 108 376 837 711 845 588 578 298 274
987 199 32 41 705 800 182 772 110 669 173 817 488 868 836 447 810 230 255 353 147 302 114 71 493 282 242 995 802 939 337 146 747 241 934 251 389 921 807 856 598 984 947 770 906 799 352 778 287 124
377 675 966 281 721 527 440 601 953 691 52 665 7 943 984 837 340 284 251 964 145 442 319 197 363 645 913 302 584 841 434 903 254 340 740 696 236 767 379 406 411 261 107 373 188 278 305 983 2 99
527 190 79 156 63 854 756 867 282 315 468 272 53 27 759 692 374 134 854 399 299 13 446 346 569 457 263 730 344 695 6 957 241 358 326 205 431 572 517 304 603 811 762 482 572 700 751 146 531 611
232 636 126 482 382 439 224 96 860 662 997 62 868 827 576 649 167 809 900 534 380 813 967 776 89 894 79 588 296 136 314 176 615 215 565 954 162 471 48 461 666 689 31 118 714 678 981 795 174 67
149 272 824 766 583 615 480 388 695 171 835 232 131 515 364 200 953 892 167 319 141 155 384 55 485 288 118 786 549 764 78 898 667 30 385 792 452 529 766 933 751 458 747 709 239 480 318 304 738 556
268 390 917 712 365 44 607 744 582 66 299 420 964 397 513 245 236 456 165 711 636 272 969 292 886 606 575 712 366 367 551 603 503 200 70 711 926 968 725 756 418 218 602 500 965 315 635 834 123 677
162 739 480 337 699 29 394 46 299 585 216 395 959 69 140 828 509 294 729 639 7 358 286 894 676 555 925 390 166 103 50 585 449 599 134 857 11 78 893 702 689 466 34 810 651 294 269 551 919 952
789 89 434 97 541 295 576 169 287 729 405 407 147 612 901 372 368 309 336 103 833 136 405 327 644 435 686 138 977 623 747 54 752 52 916 970 763 606 91 583 67 889 769 505 91 349 419 251 24 202
463 639 249 985 820 212 821 541 546 437 769 60 426 414 239 591 1000 112 985 546 556 608 716 285 477 927 874 972 737 142 469 476 683 982 315 325 362 686 615 990 613 649 85 479 667 746 584 514 269 645
621 200 704 391 621 96 777 868 987 49 828 736 290 158 625 362 911 374 46 557 214 440 380 95 5 786 530 598 394 55 743 56 98 512 941 553 439 51 839 134 397 485 180 706 298 402 20 442 561 536
156 318 129 55 83 418 950 124 833 843 788 79 543 841 790 374 948 45 332 892 719 713 542 106 929 706 951 372 474 144 180 568 176 336 924 222 490 269 435 283 234 723 954 750 970 93 741 874 197 889
787 112 799 96 643 227 336 994 500 413 623 446 970 330 30 476 366 269 82 642 630 202 684 438 724 722 733 474 848 285 92 428 956 121 209 384 440 397 444 506 782 640 854 335 263 871 827 985 252 718
860 151 768 966 803 644 349 222 450 218 242 265 622 529 54 121 376 349 139 460 55 576 664 844 244 592 39 154 740 179 862 592 714 369 389 781 784 834 652 696 147 997 546 219 415 653 787 882 149 590
170 886 35 809 940 603 481 998 894 370 552 343 509 427 714 561 523 450 404 179 378 128 562 369 565 810 76 261 707 382 874 74 613 933 930 854 884 462 54 998 772 522 765 370 514 294 315 510 554 534
228 911 392 826 108 827 54 183 697 130 509 798 443 772 863 878 291 816 108 674 67 919 651 725 269 444 64 855 833 187 664 321 322 788 437 745 330 54 999 300 720 97 19 813 359 96 255 358 411 811
615 675 517 53 34 217 886 621 175 327 941 303 467 4 431 761 7 917 277 121 9 473 107 545 831 403 224 276 644 70 853 532 337 756 698 572 411 891 701 398 619 963 247 454 387 345 103 679 630 402
353 946 263 684 288 280 137 291 837 33 862 536 205 368 938 831 154 896 349 776 600 974 213 959 757 994 869 898 924 378 947 326 686 94 726 501 997 384 529 808 819 899 975 630 490 467 670 602 237 902
442 50 990 62 93 635 573 399 346 669 557 524 500 839 283 953 935 428 393 733 636 258 947 435 469 544 650 905 809 973 130 62 734 98 872 621 657 482 896 477 712 327 62 36 410 243 103 378 768 208
516 516 71 129 137 857 929 241 457 32 502 469 450 362 745 399 334 800 765 62 568 503 938 774 580 419 110 946 586 190 916 587 254 596 767 28 133 265 42 339 88 898 647 435 846 17 808 910 441 814
993 165 185 342 565 778 661 273 424 241 562 972 273 236 967 844 878 354 366 998 425 59 333 798 788 802 372 685 432 944 362 627 518 859 976 468 441 246 288 187 923 919 65 495 660 917 502 651 513 129
983 859 67 34 458 95 639 795 58 29 190 873 879 678 858 791 841 363 783 197 199 858 425 664 599 922 606 959 710 407 662 192 698 762 540 198 851 649 656 194 275 46 743 229 465 709 166 681 741 473
918 117 144 792 608 48 892 142 640 512 948 429 344 100 63 947 69 20 105 227 956 563 479 567 623 719 561 634 724 238 616 272 207 639 610 251 642 971 784 746 506 534 334 765 757 384 509 572 929 443
646 681 432 188 683 637 598 422 610 894 622 61 39 236 287 109 694 392 565 854 57 937 398 576 76 731 580 332 600 439 475 147 882 365 164 615 339 437 142 310 206 885 512 559 668 454 92 70 304 526
771 891 30 334 594 64 970 466 940 294 327 610 264 815 442 68 508 459 599 40 860 684 842 763 844 667 763 225 594 342 18 17 93 63 995 164 418 418 779 827 489 441 484 728 445 850 951 693 275 546
213 878 209 797 901 16 61 15 720 28 133 521 591 832 206 619 434 741 612 321 372 128 980 43 234 621 182 447 276 943 858 723 142 163 887 597 637 471 752 551 894 542 892 509 297 557 584 713 547 322
157 881 366 27 178 193 827 644 585 60 963 418 169 904 440 819 575 281 798 931 744 412 466 249 766 430 797 48 111 956 854 303 815 785 507 228 771 322 326 426 847 534 899 119 191 546 774 971 328 59
719 665 807 514 707 321 649 98 331 546 518 115 844 756 609 414 648 441 265 531 539 605 767 122 480 38 122 749 451 12 304 639 842 52 669 186 207 902 224 813 278 436 831 655 725 338 66 262 257 371
420 36 133 749 50 220 279 953 891 159 999 2 31 28 906 588 443 260 913 933 803 270 380 700 710 340 158 760 861 446 109 905 249 625 345 848 77 329 474 657 969 581 150 778 992 475 939 281 469 541
131 605 956 102 333 992 403 949 669 867 304 977 90 55 943 271 584 315 452 299 219 637 61 608 912 984 163 6 922 864 567 216 611 477 843 499 372 358 382 840 606 537 869 292 356 512 412 166 898 427
932 717 226 863 294 516 28 840 269 309 581 341 253 538 416 140 762 806 776 122 410 110 588 7 903 499 607 171 649 54 301 966 966 858 709 126 595 290 822 939 407 985 907 267 903 26 612 354 310 488
112 229 315 10 928 808 261 825 254 406 943 650 518 288 610 631 22 617 673 778 397 48 549 601 427 538 135 347 875 128 774 964 282 874 216 28 556 1000 972 74 842 539 55 341 541 581 336 191 834 635
473 357 370 751 853 169 484 114 265 264 663 791 933 933 400 597 381 824 22 979 249 123 242 537 104 552 93 717 28 699 139 598 955 369 282 633 885 191 376 526 14 449 713 323 970 66 515 679 536 708
594 184 546 233 952 334 226 800 336 613 530 836 992 840 525 993 81 162 823 557 7 931 604 802 359 989 483 486 721 885 684 124 627 85 219 555 439 833 858 152 943 343 624 464 677 629 90 11 795 679
31 277 54 781 49 496 934 429 800 401 239 801 721 433 14 215 364 745 894 863 548 752 206 879 443 324 822 951 240 64 86 512 394 477 479 18 607 92 275 35 559 316 125 578 518 169 357 785 889 346
782 643 756 371 491 391 596 432 356 850 456 901 413 276 861 173 751 547 137 397 43 298 736 134 518 266 889 946 734 907 182 244 210 62 778 160 600 548 598 98 986 875 636 495 45 150 219 878 934 95
183 627 615 523 402 657 211 499 793 615 427 303 928 396 450 989 340 691 838 885 612 302 174 440 857 107 117 877 139 201 20 138 861 758 441 685 898 274 42 947 147 505 705 929 707 823 696 653 615 212
700 879 242 885 99 901 882 882 870 511 33 778 712 480 111 267 703 610 982 342 906 373 54 638 233 687 102 945 561 85 425 231 69 611 206 373 334 509 371 20 627 910 470 335 958 971 911 491 531 190
220 523 783 743 372 292 423 986 935 612 334 259 580 248 386 217 55 252 967 41 601 713 324 476 97 605 494 863 823 879 507 664 544 237 155 499 541 940 574 463 104 114 53 483 923 907 86 162 363 961
654 743 642 796 775 127 900 521 68 304 829 157 258 208 301 104 197 786 520 62 509 274 53 351 260 16 779 693 626 194 537 675 827 102 283 364 378 767 422 292 994 470 472 892 434 237 556 239 778 287
389 249 143 910 70 666 613 735 107 598 676 358 899 688 222 989 824 620 377 920 573 364 1000 860 374 238 587 95 998 537 661 423 586 792 399 258 4 345 896 304 27 621 696 710 215 598 922 428 188 287
782 286 611 47 484 84 700 443 1000 557 508 327 206 382 74 362 105 436 868 936 233 418 587 647 354 576 309 141 225 32 209 19 202 226 851 522 580 385 264 862 520 960 329 619 409 819 421 272 926 89
180 242 311 378 272 991 500 571 96 944 378 796 592 192 919 970 844 6 119 275 143 728 381 41 650 860 746 816 403 721 687 337 824 217 493 402 519 403 75 785 254 317 129 424 758 831 137 149 966 332
152 974 993 845 789 438 54 345 550 793 894 979 471 134 687 159 388 838 294 813 709 190 508 582 220 23 140 240 295 937 173 878 748 813 749 947 295 374 140 871 633 793 258 457 718 649 308 755 55 357
102 193 202 111 791 802 8 722 331 129 213 854 798 419 207 971 390 432 217 521 951 94 506 952 162 176 98 643 322 766 642 197 531 764 440 801 926 293 537 458 762 159 18 265 679 446 481 118 571 261
433 434 957 856 900 133 51 269 579 684 873 270 674 405 664 229 256 349 799 109 450 154 861 425 888 953 380 531 343 721 902 715 106 305 608 601 396 148 365 447 950 622 57 888 352 631 901 189 773 79
193 273 559 233 529 69 989 554 152 747 73 162 10 15 573 457 460 30 826 391 305 839 160 772 1000 214 39 212 958 437 402 778 181 123 527 376 900 185 216 630 327 353 64 405 92 377 624 669 966 489
240 347 283 804 720 578 390 889 736 671 488 280 829 589 733 4 675 198 158 931 982 430 339 260 572 636 830 838 474 110 56 641 311 452 915 800 944 126 238 532 663 807 829 372 536 962 895 504 691 926
474 574 29 911 10 673 783 153 53 109 482 252 343 652 872 530 660 52 962 479 55 528 139 202 122 780 17 461 822 874 748 494 635 345 895 614 240 723 985 387 447 554 273 515 369 262 361 898 59 359
858 982 91 236 109 790 752 123 371 861 195 608 877 574 353 77 735 204 459 67 526 326 883 632 40 322 4 603 882 175 291 636 985 754 492 654 249 13 982 683 101 335 123 92 813 509 21 47 819 264
179 989 228 98 986 73 38 373 54 832 271 392 170 193 973 291 894 445 606 328 161 55 896 102 832 536 253 326 908 377 196 356 630 348 157 620 206 967 631 498 3 16 642 778 26 202 192 216 474 428
487 332 374 94 612 325 575 199 236 614 788 374 121 882 491 888 480 463 983 241 365 994 281 262 435 832 43 410 999 337 516 7 52 350 14 930 81 521 948 977 454 293 242 634 372 403 550 601 703 586
782 846 480 937 763 830 812 175 664 860 884 941 340 150 137 803 402 33 808 595 619 856 962 598 143 454 805 779 975 515 533 169 205 87 576 688 384 668 195 196 409 646 317 919 660 151 570 617 620 913
364 855 988 545 413 171 838 804 274 537 251 222 92 259 361 137 743 195 867 66 674 153 143 552 127 404 399 702 228 593 320 39 44 651 199 557 325 114 432 381 692 802 613 86 793 529 641 571 898 912
558 747 489 467 119 598 8 572 200 343 915 868 987 189 399 335 626 395 38 700 110 572 799 723 486 467 424 952 350 199 675 365 600 800 570 556 53 217 205 106 688 462 698 712 852 374 732 712 856 694
977 799 741 423 286 475 870 395 218 232 578 256 876 243 619 989 962 477 696 67 761 881 287 599 879 122 273 275 318 602 414 259 251 827 69 576 921 475 899 682 259 135 225 745 616 682 470 858 61 673
458 390 731 450 565 516 420 516 988 485 181 346 421 391 595 992 105 800 143 395 252 93 332 133 396 703 247 746 112 897 315 285 253 343 583 65 261 39 421 870 495 377 245 980 675 122 302 995 733 699
791 93 645 413 762 568 615 391 700 531 17 650 655 865 642 425 594 176 409 977 36 411 237 825 93 438 710 64 447 660 951 454 677 538 285 784 658 751 300 32 541 65 170 353 199 327 941 48 131 493
108 79 781 261 976 917 904 778 581 980 154 240 934 235 403 274 366 81 231 97 933 791 232 169 630 784 979 263 861 279 431 374 283 853 612 95 81 975 383 864 212 764 61 745 286 291 58 611 652 452
295 653 782 742 657 562 486 55 698 785 103 761 776 148 17 246 790 180 375 496 267 373 759 708 405 11 714 233 546 746 609 821 381 730 366 206 674 524 173 837 702 442 642 798 625 282 919 489 129 29
771 392 296 875 932 361 517 195 373 717 284 968 139 209 203 997 985 842 480 131 251 485 906 717 572 549 544 538 25 187 645 58 925 470 517 223 897 253 240 582 675 230 864 161 851 715 94 315 726 829
677 238 326 475 476 823 992 958 651 406 946 879 443 998 551 97 395 478 32 652 578 248 304 607 590 602 477 257 903 326 498 211 198 256 780 884 657 286 355 116 537 317 456 144 481 487 786 171 332 955
942 251 290 271 505 769 2 351 894 826 15 233 315 455 217 361 40 689 1 921 435 790 668 307 113 125 653 875 987 600 577 798 150 450 976 517 13 135 553 118 476 638 993 162 388 616 20 213 891 161
105 181 933 928 701 433 122 454 917 773 679 546 5 267 121 797 896 926 566 318 633 578 516 180 733 788 126 724 682 375 847 915 96 768 464 956 776 5 36 611 523 357 210 986 456 523 696 225 778 901
834 846 846 72 171 36 255 808 724 982 244 768 760 159 982 670 342 353 486 55 812 346 646 970 152 80 277 277 391 226 313 917 226 892 184 38 328 991 351 120 608 115 286 724 226 396 965 46 935 908
798 328 514 794 16 529 509 399 534 732 322 794 245 903 173 569 723 864 304 578 151 580 218 959 24 3 723 382 662 666 958 793 949 901 65 951 189 297 387 720 775 199 494 376 419 590 847 701 30 90
471 598 600 895 928 156 431 61 870 459 89 831 715 342 371 881 199 520 259 485 318 25 718 376 818 288 950 232 757 262 803 40 438 230 895 173 696 587 674 4 780 801 237 769 450 573 986 799 224 847
252 968 347 381 895 8 945 451 451 676 113 910 146 733 14 314 582 686 813 169 809 236 805 579 162 572 25 709 315 639 402 359 269 997 305 106 555 655 611 273 627 4 879 784 814 567 258 392 871 402
888 188 963 834 783 914 956 825 43 450 714 782 513 160 276 701 454 498 306 610 939 120 706 289 47 831 616 381 672 740 378 553 851 838 422 659 113 395 236 544 186 446 196 822 970 352 682 148 355 224
0 764 708 735 938 356 838 93 487 378 149 671 919 635 386 305 183 366 671 15 605 237 797 395 587 243 493 672 538 327 479 905 729 977 596 459 197 552 853 573 472 49 232 346 395 1000 613 119 441 855 567
590 0 154 414 562 141 894 376 467 124 341 181 673 940 489 325 192 920 536 618 761 531 667 654 406 842 983 251 338 816 567 16 26 108 874 815 153 78 426 562 60 488 140 937 505 84 49 304 448 682 573
236 156 0 416 958 627 929 711 523 949 421 20 236 390 658 345 21 504 635 874 885 704 599 401 25 923 731 126 340 824 102 646 472 376 90 96 802 758 549 508 406 495 692 656 628 943 536 697 339 340 67
299 514 720 0 468 938 206 713 34 637 101 570 949 328 225 430 255 550 496 808 693 389 183 596 565 564 820 520 60 993 395 223 132 127 56 139 482 936 780 172 26 952 59 414 236 347 944 118 348 370 582
420 487 7 228 0 119 792 707 619 231 918 443 689 622 40 927 878 653 255 282 899 500 732 15 871 687 66 388 357 487 856 860 724 577 22 551 604 503 758 17 739 388 606 477 266 179 845 907 599 876 286
219 963 326 843 359 0 442 612 283 655 801 136 696 805 4 497 380 148 652 852 887 153 463 668 940 537 174 428 864 620 562 418 180 113 166 839 745 455 182 234 231 88 819 447 720 323 5 292 787 195 278
332 804 326 731 20 869 0 566 910 472 623 493 681 874 401 55 264 79 392 898 380 432 245 211 484 281 548 415 440 204 784 374 312 206 456 680 434 873 185 675 518 9 170 624 969 922 495 216 550 272 282
699 886 838 53 819 532 467 0 504 751 935 998 233 583 235 859 22 900 963 140 111 781 504 971 170 746 656 326 291 972 373 975 995 586 427 874 927 430 654 825 88 319 81 339 1 627 482 36 110 377 183
547 108 520 43 985 942 909 670 0 546 935 319 460 857 938 255 431 147 479 513 797 462 706 131 246 63 82 449 221 832 842 857 86 397 99 956 173 329 603 236 222 46 990 371 286 872 731 850 735 429 947
445 642 903 20 349 728 478 804 328 0 439 435 972 936 1 952 592 791 989 491 722 390 588 55 488 196 105 599 110 60 454 659 447 415 688 172 613 308 422 185 401 869 626 274 413 494 431 703 981 214 577
314 193 466 327 827 345 562 21 26 342 0 266 680 231 730 251 397 98 593 458 247 983 396 678 560 277 237 841 921 888 580 760 151 769 437 797 967 74 599 51 749 275 204 911 845 368 735 558 457 895 564
55 525 581 642 587 612 720 360 218 668 121 0 486 889 687 319 285 929 567 724 407 675 41 93 506 597 320 632 739 945 515 618 119 416 871 379 572 174 432 216 74 941 990 122 354 142 800 240 645 361 730
17 724 177 698 425 814 431 988 318 380 526 168 0 246 763 264 864 328 192 322 336 169 554 891 327 59 872 752 769 694 57 700 499 622 152 795 416 585 420 468 140 464 952 38 695 39 886 327 515 748 954
700 785 360 1000 279 913 780 214 143 715 864 523 919 0 224 249 985 925 782 568 510 237 110 225 616 227 461 184 474 737 219 865 231 938 223 781 870 156 737 277 419 376 243 239 321 562 518 72 625 275 917
34 40 750 779 827 288 419 842 288 443 973 830 366 862 0 615 636 202 139 842 216 910 396 63 20 54 316 136 9 588 10 349 49 330 377 770 154 400 638 440 84 692 411 271 846 495 135 707 516 715 661
279 586 99 622 999 504 552 600 798 540 968 413 103 186 198 0 463 959 621 16 111 175 136 150 219 764 272 234 433 398 927 941 154 223 646 379 89 677 393 460 785 228 125 586 415 215 279 372 414 186 93
762 649 488 276 480 105 631 111 360 478 412 563 573 388 337 985 0 321 179 541 69 736 126 423 237 645 785 418 958 834 523 351 379 673 529 262 20 269 45 389 176 126 182 108 85 3 699 104 75 853 138
98 747 61 110 435 365 83 816 38 97 712 985 764 736 847 202 47 0 430 594 564 753 345 904 648 711 910 615 885 659 423 32 372 335 824 280 506 260 634 638 819 828 492 955 291 931 330 145 574 383 362
497 335 818 680 687 894 197 454 559 269 809 735 836 590 322 968 669 185 0 545 384 756 537 437 910 403 816 167 909 631 680 558 345 655 469 825 808 454 979 746 115 753 554 907 407 192 836 55 509 360 34
260 92 532 126 453 680 535 36 154 889 479 693 872 924 649 452 378 148 786 0 550 26 38 893 92 414 854 406 165 719 640 706 370 801 602 771 976 884 576 663 549 608 116 837 889 624 521 66 462 253 726
818 376 338 321 999 587 166 44 492 173 951 505 659 847 322 533 37 211 111 489 0 621 345 844 977 536 147 731 78 665 869 762 136 231 470 50 424 809 94 750 222 515 902 65 518 264 167 289 531 177 571
153 635 652 126 695 495 240 850 695 279 776 526 159 635 692 934 59 806 425 399 169 0 685 63 863 321 150 552 154 978 737 217 360 156 186 818 869 903 843 403 657 967 201 239 699 823 669 992 737 536 501
465 457 458 124 904 33 183 770 312 413 491 31 619 268 312 940 209 430 366 242 334 180 0 519 217 817 818 852 22 578 37 978 747 210 441 380 199 840 296 812 262 929 837 293 622 510 391 397 787 793 975
294 781 448 688 938 648 811 538 947 822 415 950 91 841 673 751 978 694 688 568 598 967 94 0 716 536 133 934 794 393 839 602 660 450 823 156 223 427 74 964 722 541 93 588 128 19 686 483 45 212 731
42 384 947 35 619 514 536 515 301 694 952 140 145 656 480 528 228 581 949 793 208 910 227 894 0 491 395 514 543 752 818 444 248 781 157 82 64 689 985 622 567 400 446 607 78 971 307 694 546 932 376
952 596 82 742 447 96 32 396 459 922 3 603 593 483 995 730 834 844 211 893 557 838 4 592 692 0 285 919 874 722 525 863 633 106 894 283 303 507 659 596 848 940 993 978 548 419 151 845 140 115 120
146 457 3 33 732 155 383 358 205 187 177 408 610 123 203 241 977 960 637 168 374 760 944 586 507 992 0 572 430 92 705 20 770 417 157 519 783 163 643 21 185 399 496 909 161 499 128 571 349 588 735
839 443 248 835 38 457 560 63 273 201 822 496 67 659 359 319 616 29 15 958 262 750 24 774 308 723 828 0 612 65 18 946 409 247 330 935 707 142 48 387 764 791 519 882 53 670 361 398 127 665 597
918 249 984 367 135 535 501 453 25 558 633 306 121 881 380 85 217 344 393 657 536 858 607 457 233 399 495 465 0 827 805 149 167 678 490 473 323 71 946 579 118 50 458 114 50 292 688 665 331 779 20
779 887 147 951 34 58 773 7 382 559 370 651 279 648 841 211 87 719 805 439 982 397 701 548 746 71 608 340 666 0 641 994 783 864 2 462 198 488 507 377 350 969 618 432 166 647 201 559 826 925 905
61 833 597 639 434 909 702 258 383 469 90 777 858 555 937 399 332 680 1000 118 388 720 891 135 392 520 969 458 668 228 0 14 774 298 462 336 137 707 695 852 410 920 309 836 233 784 683 591 71 799 585
751 10 638 224 89 975 948 611 564 763 753 219 398 905 485 962 1 868 914 562 174 694 174 362 136 560 213 560 928 518 341 0 755 812 842 255 665 379 660 680 314 559 387 963 348 808 699 136 807 180 818
364 539 679 495 69 398 876 741 71 536 420 273 932 640 678 625 349 502 883 865 556 138 327 501 535 309 953 869 712 36 454 313 0 132 639 217 533 732 234 626 88 157 950 121 351 874 885 760 54 53 97
85 611 975 879 513 320 409 341 908 144 666 377 498 227 165 475 174 807 640 582 81 725 883 156 820 400 183 355 897 912 413 587 280 0 939 231 431 970 661 413 323 355 682 630 92 52 25 707 676 900 860
217 620 110 353 181 140 771 777 879 522 942 496 526 746 283 671 211 498 319 976 61 396 524 14 630 684 966 231 241 997 185 887 880 854 0 432 350 643 992 470 727 912 405 310 178 466 543 770 430 325 867
633 10 793 628 235 836 672 98 120 470 25 935 755 371 316 219 215 75 544 713 46 688 483 775 660 240 363 547 986 631 817 113 105 742 355 0 884 422 936 295 642 915 123 516 794 445 702 653 500 826 23
124 331 671 310 128 543 891 108 898 715 653 818 896 927 244 230 129 565 162 6 937 648 381 228 92 382 2 945 908 639 945 138 878 955 26 988 0 267 413 205 942 655 314 396 467 756 101 354 97 51 469
407 805 816 283 678 733 641 236 434 290 964 414 377 275 895 527 769 511 179 934 74 356 900 130 696 37 576 523 250 171 450 52 411 586 417 776 911 0 141 236 431 788 398 37 223 544 410 62 383 37 81
17 353 115 959 145 104 404 431 626 234 508 751 431 533 344 668 279 518 304 631 239 17 153 712 693 913 73 906 611 646 918 710 125 442 602 542 294 106 0 886 532 536 284 915 800 650 272 770 39 371 989
158 917 545 925 229 406 112 78 98 983 659 60 233 689 92 497 555 692 893 555 949 634 105 25 879 789 797 787 259 246 355 990 290 316 94 823 588 67 523 0 254 911 26 15 57 47 285 363 425 746 337
480 988 364 180 689 223 612 139 277 189 167 484 838 938 171 251 532 274 702 155 925 775 734 916 756 277 682 881 748 878 552 159 688 259 474 296 989 76 814 906 0 263 478 583 495 242 856 274 317 478 389
545 603 712 671 801 115 863 413 86 318 963 448 688 507 444 932 314 506 849 159 688 820 66 853 201 294 608 510 178 260 261 697 357 568 564 196 533 14 25 789 433 0 625 902 285 657 82 33 306 251 323
936 285 448 300 569 755 406 957 912 295 82 313 579 326 644 18 655 831 228 134 49 547 982 664 359 374 793 895 769 962 721 83 554 761 260 435 759 407 682 748 122 680 0 286 573 301 179 263 70 7 35
508 752 706 163 755 25 931 73 886 245 434 910 348 491 677 633 763 716 274 799 657 752 801 913 833 55 743 299 270 3 224 307 797 348 462 700 268 623 4 730 113 840 375 0 441 126 107 758 417 256 565
724 591 811 441 481 650 77 592 665 877 273 573 838 517 944 296 570 583 985 62 744 588 422 249 253 906 316 125 937 142 199 857 616 497 997 275 393 218 983 767 587 362 876 277 0 612 980 168 889 547 628
182 532 354 416 657 152 557 115 454 151 306 129 148 83 877 207 164 189 138 230 184 837 870 511 613 983 345 889 2 176 78 448 811 530 719 27 379 256 275 75 137 951 984 104 515 0 499 324 41 626 335
438 331 867 83 605 831 360 841 484 934 136 6 838 806 923 64 970 856 424 286 5 659 865 634 126 577 754 15 724 999 688 13 783 640 381 106 573 384 826 348 21 243 191 368 28 819 0 830 193 442 909
124 942 139 727 86 260 651 584 735 593 325 578 487 795 821 996 570 923 61 34 515 266 2 535 601 326 551 447 689 161 375 596 911 988 206 155 330 656 326 724 359 253 889 452 871 58 200 0 505 239 968
676 787 12 312 855 635 616 276 527 681 135 473 872 404 366 349 87 415 494 116 50 858 613 664 574 552 391 98 574 103 941 566 478 554 69 317 215 816 779 520 859 566 37 514 255 253 309 119 0 525 858
270 433 209 269 295 557 470 442 400 723 275 322 847 984 109 861 681 724 27 551 299 818 64 449 445 672 170 806 723 284 280 542 987 74 837 778 986 266 229 391 589 72 148 265 538 213 275 14 966 0 683
789 335 526 375 995 513 986 256 458 768 214 472 472 610 216 486 252 470 194 646 782 48 219 495 569 159 603 559 840 920 263 576 674 414 802 190 344 472 104 240 18 679 329 57 784 603 43 230 476 548 0
15000 15000 15000 15000 15000 15000 15000 15000 15000 15000 15000 15000 15000 15000 15000 15000 15000 15000 15000 15000 15000 15000 15000 15000 15000 15000 15000 15000 15000 15000 15000 15000 15000 15000 15000 15000 15000 15000 15000 15000 15000 15000 15000 15000 15000 15000 15000 15000 15000 15000 15000 15000 15000 15000 15000 15000 15000 15000 15000 15000 15000 15000 15000 15000 15000 15000 15000 15000 15000 15000 15000 15000 15000 15000 15000 15000 15000 15000 15000 15000 15000 15000 15000 15000 15000 15000 15000 15000 15000 15000 15000 15000 15000 15000 15000 15000 15000 15000 15000 15000