100 50
590 241 154 211 681 511 353 776 860 986 828 181 833 2 144 956 807 748 414 309 579 912 303 400 152 374 482 207 734 746 17 449 552 294 73 13 353 431 202 657 625 517 487 819 466 386 321 490 553 219
703 878 251 120 424 327 810 219 313 880 66 440 118 809 944 547 335 789 831 897 292 154 166 270 825 330 556 746 912 328 905 665 818 942 702 204 54 650 362 145 505 350 405 666 194 877 588 201 278 600
844 686 970 310 392 99 716 108 405 965 992 530 122 545 196 678 287 853 50 900 273 123 146 524 272 825 198 828 122 444 425 218 143 491 981 815 743 766 439 633 605 246 390 834 150 791 472 378 359 552
478 432 222 308 129 414 723 133 244 571 716 123 105 317 629 505 503 643 742 977 507 525 970 961 200 395 68 948 797 78 687 969 287 621 419 612 339 164 487 417 341 530 674 470 896 54 271 356 81 179
222 419 485 274 197 51 688 533 355 254 894 538 124 464 770 555 278 329 182 178 993 511 294 522 22 15 24 243 79 635 158 12 857 452 173 38 600 83 216 757 564 615 345 820 89 360 24 320 174 879
841 566 970 836 363 221 129 314 656 319 569 194 92 495 485 193 452 977 18 844 809 745 809 478 732 301 765 604 754 410 853 864 918 645 14 49 17 623 624 229 73 65 349 195 592 866 916 326 548 535
292 437 450 296 633 686 897 501 45 873 120 706 953 84 329 978 866 435 174 252 774 348 601 384 48 600 56 882 887 930 946 400 779 460 198 176 690 858 136 376 725 244 120 16 639 71 234 323 727 520
268 862 324 793 982 323 72 544 810 734 964 451 977 800 803 732 412 905 316 271 642 143 248 597 18 366 588 847 365 904 86 818 493 43 192 193 720 621 19 307 410 760 99 778 139 3 374 393 106 932
481 155 967 466 290 194 301 673 493 478 911 791 772 738 854 931 803 150 502 406 517 584 173 765 969 54 561 436 929 945 531 178 758 200 303 838 716 759 644 311 831 787 418 761 779 743 523 128 224 369
283 628 519 312 87 869 939 285 969 944 172 435 776 472 934 281 600 418 411 435 460 113 930 804 696 666 94 617 793 686 596 651 499 235 18 53 293 32 849 559 721 986 771 102 360 859 831 542 270 769
831 430 352 118 239 613 885 473 384 247 370 358 54 975 666 849 305 852 654 723 611 926 965 159 494 779 557 787 953 149 271 663 138 173 689 493 504 336 307 684 268 720 410 95 232 679 267 505 310 594
708 774 178 701 241 778 241 718 682 134 61 737 113 676 765 741 365 535 202 228 128 870 508 37 315 126 368 908 624 923 3 325 460 291 264 323 932 509 466 403 774 122 625 399 5 779 562 463 184 836
521 882 59 940 257 896 677 760 70 454 733 387 993 391 216 361 384 201 921 296 713 868 705 32 376 837 392 758 710 152 880 835 545 925 520 351 873 529 83 817 274 242 599 866 506 632 533 85 268 884
133 664 986 443 520 555 347 701 223 675 713 689 727 147 181 357 361 575 647 815 844 470 181 314 8 418 491 732 92 287 774 770 902 476 763 110 739 294 92 936 560 106 705 953 957 609 577 91 49 519
438 633 337 495 597 384 395 917 881 342 873 733 637 448 394 861 386 557 901 674 323 836 145 828 8 839 582 760 17 898 439 530 22 293 835 633 802 511 511 341 471 287 524 907 679 464 923 588 350 924
476 240 647 217 732 419 701 562 266 220 689 425 919 479 88 442 198 130 781 480 151 280 777 699 283 811 602 726 643 630 924 257 73 387 329 23 364 279 668 341 956 426 637 530 823 648 409 796 761 932
190 715 821 898 349 328 882 79 248 90 192 359 760 881 533 591 345 604 536 762 988 465 995 710 340 183 862 441 713 421 293 512 660 947 425 739 370 362 370 903 957 38 814 363 122 209 985 873 275 852
939 423 543 655 680 569 823 686 919 894 580 20 920 969 52 589 866 160 753 433 845 486 228 156 77 989 710 752 349 715 44 541 317 573 270 107 881 310 268 466 750 166 181 10 997 811 334 121 195 11
986 726 743 91 289 938 998 221 488 311 371 747 580 840 659 636 11 194 331 488 516 705 774 71 685 941 864 56 562 403 884 521 392 987 707 341 451 428 48 345 174 393 102 502 256 739 773 285 876 26
329 779 377 21 948 158 768 800 994 508 141 31 989 403 670 72 47 559 572 557 847 985 855 257 966 654 594 819 816 132 187 667 802 293 516 444 909 341 112 88 136 408 480 28 757 105 151 298 47 369
332 584 675 329 932 193 85 523 932 382 846 1 48 992 769 689 730 782 394 24 662 724 667 452 692 844 121 972 561 663 226 802 913 504 188 471 445 332 516 870 268 69 111 550 799 157 394 570 25 823
729 939 803 296 421 41 24 390 474 100 445 150 940 567 130 739 97 880 632 862 429 744 657 362 708 432 111 230 553 209 305 314 27 390 767 528 861 37 444 171 189 419 789 226 389 559 569 502 430 414
576 260 272 301 223 725 652 104 37 655 220 554 236 865 955 498 712 775 456 841 983 533 213 622 187 181 750 273 656 834 728 471 982 875 791 895 677 850 527 803 657 879 654 335 860 904 636 235 669 362
768 220 464 565 256 233 296 168 747 414 353 451 455 309 365 158 763 450 397 961 7 784 537 242 567 358 659 346 482 793 905 283 912 944 638 128 782 871 962 557 254 693 580 171 892 5 760 762 911 687
350 932 520 948 93 236 609 416 563 434 15 202 683 118 804 358 846 382 650 679 47 598 112 401 302 66 693 357 856 531 185 433 721 943 928 167 90 19 586 116 711 308 38 894 649 823 574 905 708 72
248 270 999 347 583 186 390 105 219 366 340 427 966 215 546 408 163 833 395 131 182 886 613 645 316 301 29 500 755 734 589 374 641 297 669 545 533 492 753 252 224 346 750 136 870 102 750 587 869 992
375 639 970 244 226 52 863 269 297 522 309 919 56 556 742 135 401 6 528 445 391 666 498 905 396 994 748 862 977 246 533 807 315 614 259 330 310 818 172 227 875 630 824 354 472 131 165 231 155 684
721 542 242 129 950 177 472 361 633 481 828 615 39 208 704 127 774 857 647 688 206 562 587 877 42 418 178 578 247 392 480 770 878 200 620 735 487 777 137 717 503 895 141 970 89 207 461 74 244 27
561 70 684 491 978 641 567 340 397 534 767 157 949 186 389 439 479 273 872 373 364 29 292 985 481 952 333 386 669 526 46 702 531 77 942 553 560 74 751 447 470 709 956 9 699 798 302 743 661 94
936 381 881 418 268 681 271 252 522 269 496 81 376 992 895 820 127 267 774 748 817 592 703 640 739 893 543 788 622 356 149 971 296 891 425 589 784 649 652 306 377 383 453 699 271 798 582 326 733 455
410 867 930 782 442 197 114 419 401 797 935 389 334 244 199 259 578 140 795 305 16 515 61 103 180 229 456 248 384 789 634 493 805 17 626 42 331 487 709 966 163 879 767 647 547 687 848 197 185 755
622 197 36 6 71 701 381 992 136 385 977 58 229 614 653 115 715 831 420 677 892 663 162 617 336 367 801 174 123 198 293 859 912 226 202 946 320 380 462 718 796 717 844 160 401 387 288 430 509 463
946 141 728 718 329 227 518 196 238 688 592 23 48 443 663 294 833 534 91 507 377 520 567 983 37 453 298 114 708 906 526 43 884 696 995 240 641 819 4 326 551 733 224 607 871 272 123 547 978 576
531 408 329 766 609 945 776 928 75 465 483 905 830 741 887 397 776 996 219 925 489 412 959 747 648 979 8 40 315 737 607 164 828 638 75 456 809 887 574 955 747 299 913 397 889 655 658 47 650 530
664 810 886 618 303 498 458 722 779 722 420 173 212 803 95 250 985 403 34 898 906 414 674 598 422 648 229 719 258 871 805 351 565 168 998 222 647 202 244 543 300 58 464 531 188 790 42 167 546 734
829 590 881 624 935 599 456 995 121 379 630 880 864 124 659 64 757 930 633 103 508 485 473 943 851 18 838 581 690 185 169 380 932 224 320 696 896 14 602 138 982 32 371 710 321 949 507 961 124 226
712 619 159 372 414 33 904 309 167 672 82 141 344 782 896 343 605 397 901 225 791 806 686 328 506 623 305 143 672 531 543 743 714 72 865 749 590 9 761 871 192 862 970 409 380 755 314 710 600 367
49 626 254 90 439 20 372 891 873 420 812 726 163 260 680 162 648 500 283 830 15 324 397 549 908 128 416 130 529 697 628 396 597 787 341 703 332 451 19 803 605 166 125 988 626 773 581 336 539 223
481 781 91 238 646 179 190 192 240 139 761 750 36 473 310 798 248 720 531 840 802 499 236 94 486 856 297 519 539 452 443 848 605 484 171 886 376 267 639 513 181 742 322 303 187 578 977 123 639 530
780 847 920 269 5 158 992 885 823 145 366 835 506 956 608 467 883 842 781 721 559 23 436 42 18 951 738 836 542 452 522 307 513 627 284 15 702 566 545 116 822 758 533 324 660 588 163 185 318 100
807 837 514 852 901 705 190 557 94 88 364 72 622 699 360 144 193 330 355 488 202 127 499 155 791 260 393 191 325 771 321 664 745 927 478 902 178 241 838 776 368 536 593 110 353 303 416 248 891 606
953 747 207 170 760 276 587 843 900 490 265 69 275 319 410 723 482 770 525 490 722 147 474 616 156 586 576 339 703 706 721 873 904 61 150 730 401 542 564 460 655 577 568 898 338 577 242 772 737 284
324 979 847 900 545 147 113 365 354 150 291 142 962 160 628 137 750 533 336 404 481 638 446 487 739 186 687 945 537 824 796 346 255 772 53 93 369 299 779 583 116 254 405 989 207 331 734 283 924 216
837 791 892 95 995 703 811 303 686 252 640 102 967 321 304 985 517 334 510 258 137 687 918 821 848 255 577 757 941 783 228 934 917 992 502 61 246 910 863 95 871 13 311 841 795 236 892 895 617 360
905 997 272 43 599 597 94 388 376 906 43 799 21 499 587 299 556 797 451 622 839 699 45 250 908 408 699 960 393 976 414 846 934 830 187 975 575 424 46 935 553 829 188 419 170 299 960 943 815 789
816 663 675 686 723 574 466 812 385 773 522 485 205 609 922 574 925 918 64 732 341 42 114 448 787 416 359 101 416 42 699 138 446 648 673 762 80 89 9 930 732 800 906 863 967 786 550 322 821 336
817 486 211 603 532 416 924 299 750 998 246 382 15 849 597 951 110 690 341 686 368 33 236 619 18 194 188 784 845 984 862 751 449 114 698 695 762 660 827 742 457 945 188 124 223 295 336 519 91 167
681 807 3 939 356 860 49 804 256 989 606 153 250 454 538 378 79 260 187 804 222 344 348 600 219 151 169 112 822 415 120 51 14 692 445 182 828 28 232 738 797 113 97 428 211 389 184 43 593 339
567 508 297 846 849 721 539 850 1 49 903 713 911 703 110 865 734 859 295 820 304 960 152 478 293 752 363 41 298 47 187 933 597 941 361 636 740 330 857 959 186 873 391 124 208 391 463 56 132 675
778 858 549 25 253 904 909 573 824 791 631 977 989 967 209 529 621 345 524 189 345 761 894 91 998 341 969 99 768 433 43 424 413 380 372 303 608 358 323 542 136 420 390 309 377 121 800 674 701 344
423 465 872 1 504 1000 221 378 243 322 978 460 254 359 985 354 608 582 959 211 206 89 736 79 682 159 531 975 226 389 643 215 497 515 437 847 198 372 547 163 109 899 361 871 570 103 905 993 40 840
745 347 159 480 735 906 936 902 116 364 476 175 171 41 321 157 728 571 792 407 808 776 412 408 454 615 599 109 680 974 59 834 281 919 100 100 771 2 108 671 592 107 740 138 20 869 349 511 811 17
457 412 237 30 386 778 418 946 868 811 245 586 663 616 627 854 399 58 464 731 321 174 796 312 784 990 821 617 708 654 176 375 489 776 51 153 89 19 977 755 975 605 151 864 298 166 892 645 522 158
434 491 656 456 709 184 340 123 918 724 674 929 381 899 910 34 194 156 225 519 627 955 739 273 593 714 769 334 984 448 726 808 124 984 719 945 462 654 800 26 237 658 795 405 981 913 109 367 713 338
416 550 528 151 109 671 459 632 690 892 698 248 548 729 410 517 4 299 699 175 151 173 860 715 320 90 967 437 913 879 430 149 409 378 414 24 231 926 806 466 505 526 621 106 246 697 62 483 377 748
371 755 432 88 419 290 719 455 119 973 78 153 388 15 33 561 463 115 724 180 259 444 868 819 859 846 378 682 387 783 906 723 177 464 66 287 974 808 607 548 205 353 498 13 250 561 42 299 420 746
15 509 544 133 944 919 584 561 800 791 391 37 209 110 244 282 60 138 94 382 473 792 383 345 272 369 665 30 670 520 524 824 973 220 77 892 654 48 192 414 17 525 426 546 703 543 681 317 891 888
831 289 919 767 625 892 457 873 884 370 527 331 304 421 358 432 510 394 212 66 552 96 854 574 136 21 945 299 557 585 984 269 975 446 901 550 232 594 445 542 982 643 437 91 284 16 98 826 817 120
157 419 524 925 264 855 190 362 333 159 637 825 337 676 28 90 337 489 186 844 506 11 810 518 760 925 757 79 971 441 25 652 924 639 933 889 513 930 49 359 737 271 210 491 635 901 470 883 856 197
393 812 105 830 582 940 786 906 252 870 44 918 426 841 67 999 682 799 303 474 936 554 300 718 662 498 7 339 211 970 483 662 940 292 790 863 290 38 530 179 751 985 983 575 978 112 998 643 362 606
556 735 360 232 578 283 845 418 742 998 198 624 668 441 867 785 230 546 644 457 95 427 273 863 60 82 233 278 7 419 943 180 51 821 830 62 545 338 679 132 473 424 995 823 443 399 737 349 398 797
581 709 866 326 810 919 561 412 519 651 289 164 159 214 778 708 507 387 531 928 456 302 481 948 402 63 951 167 67 130 164 295 878 200 441 321 73 946 337 956 147 266 174 190 812 310 129 752 430 165
538 575 505 136 775 37 897 371 756 666 315 853 12 936 112 241 429 834 288 141 217 413 39 786 187 399 389 39 446 575 7 406 959 348 672 212 789 293 42 347 478 568 883 43 306 437 820 486 457 902
597 385 670 654 637 394 973 497 251 912 258 132 592 850 928 378 251 532 839 695 285 439 30 245 897 387 273 21 109 411 52 819 63 85 574 982 346 178 371 999 5 543 179 898 21 46 146 379 194 50
662 523 497 279 474 608 284 495 18 563 471 636 303 622 700 599 4 696 656 555 772 9 526 470 473 46 720 879 600 402 743 990 507 729 152 815 778 998 938 939 285 426 579 65 121 53 171 865 988 694
7 110 62 717 66 872 380 731 140 506 392 518 403 427 651 155 664 892 963 478 876 675 281 246 46 928 427 211 630 600 489 757 444 775 657 915 994 281 409 141 889 412 127 715 313 291 746 457 397 181
977 456 788 766 804 396 963 335 466 570 978 830 671 714 498 476 884 793 763 751 631 604 802 879 580 446 969 853 620 520 969 734 327 204 667 923 709 491 662 248 621 556 81 289 216 295 202 580 601 602
132 28 330 527 791 291 982 937 162 773 449 753 379 569 386 540 462 656 340 327 387 243 109 446 747 87 998 157 333 1 564 392 171 357 694 876 11 118 570 24 253 124 499 93 562 925 254 860 106 965
126 654 565 38 983 648 596 541 265 324 742 20 78 981 192 693 274 679 801 972 766 911 304 338 600 638 516 139 137 981 815 116 378 535 935 530 672 641 144 650 695 95 111 384 295 611 806 482 127 278
906 787 437 507 338 673 387 65 956 38 688 371 748 323 868 932 532 910 983 902 664 834 636 52 738 995 270 96 63 971 975 901 85 877 80 934 120 883 405 965 550 886 967 153 650 844 678 570 697 38
157 849 459 787 952 313 793 745 788 922 354 328 628 549 801 496 451 337 95 952 648 795 3 881 533 952 170 227 845 419 369 683 829 130 600 102 201 995 903 795 636 501 247 218 931 581 620 700 729 764
276 120 422 699 893 792 801 278 581 730 688 870 622 338 209 693 959 329 336 600 803 828 828 776 750 923 785 960 503 233 124 831 572 682 566 358 684 819 798 476 403 701 586 927 136 310 942 465 944 197
59 684 608 851 49 143 447 668 75 310 191 842 886 980 3 138 854 249 87 855 329 930 588 349 567 809 567 52 151 27 884 1 419 874 916 239 826 419 772 325 698 658 505 738 662 638 938 26 367 872
301 602 232 801 521 777 321 592 96 321 812 982 436 508 807 225 250 520 362 102 550 766 124 383 312 891 454 432 531 16 347 18 836 277 93 773 630 723 371 101 849 805 695 552 210 87 190 984 158 99
679 169 140 328 971 351 240 637 254 856 104 24 593 714 38 251 568 157 79 252 956 493 394 910 242 236 109 7 72 766 963 860 445 872 597 404 641 268 547 737 159 854 660 756 541 185 814 845 778 857
314 552 14 652 115 865 994 471 140 601 621 342 861 892 212 477 385 446 780 86 567 403 589 729 971 138 851 981 248 188 921 368 673 84 151 88 34 356 871 366 580 677 367 876 96 860 737 977 253 979
511 745 398 569 426 184 724 136 596 104 949 440 647 765 604 709 286 75 940 696 22 868 554 274 395 160 798 811 506 515 227 598 229 993 157 91 381 796 905 165 974 795 640 349 936 487 905 641 217 980
947 104 856 248 712 781 679 261 27 452 267 664 403 639 190 526 929 927 527 328 571 856 104 451 161 669 121 333 311 109 56 769 442 372 964 101 871 264 542 682 251 958 174 539 448 277 491 818 500 735
876 82 328 968 653 599 16 936 826 420 809 428 567 58 28 533 901 422 929 768 712 351 464 106 942 726 921 193 448 257 443 824 660 478 314 630 595 772 217 832 243 543 141 43 133 697 401 780 660 34
799 802 930 789 156 56 865 80 478 966 90 139 25 704 781 822 110 628 94 478 270 903 197 160 3 877 524 438 256 813 616 899 908 382 205 184 49 144 999 631 92 115 126 812 734 271 783 313 242 692
364 501 842 596 508 260 938 883 715 297 216 960 598 406 606 539 606 321 841 953 604 246 904 974 223 58 762 280 251 457 297 136 133 889 641 55 135 501 922 963 971 15 141 883 915 861 754 428 942 982
416 169 214 673 25 307 738 747 644 256 319 413 260 828 727 332 381 708 89 678 924 3 374 8 662 294 693 774 772 45 353 191 348 108 944 254 423 278 835 692 711 845 330 885 247 251 420 703 880 731
554 881 183 401 892 204 150 479 938 171 872 441 818 110 459 842 842 20 874 494 509 853 667 747 308 958 569 800 802 848 552 252 650 130 38 645 215 509 414 371 824 938 804 719 592 395 66 524 597 161
944 637 483 750 631 84 584 388 913 625 174 972 866 967 276 727 905 595 355 853 631 379 250 969 868 69 232 47 884 44 779 820 55 45 984 990 485 170 997 340 37 271 870 748 793 10 597 667 838 928
361 133 687 983 468 578 275 462 286 470 409 982 57 598 554 352 624 322 43 516 279 767 447 357 209 450 173 930 205 546 187 489 804 97 533 721 895 908 242 982 918 95 172 591 644 291 324 915 211 882
245 788 145 57 430 856 520 90 828 144 267 465 278 13 44 144 115 713 249 781 684 477 513 819 481 659 742 377 875 52 37 435 278 538 979 700 406 228 458 510 584 193 698 52 802 735 985 675 876 667
170 589 247 716 106 755 862 329 176 249 705 940 763 958 92 340 449 490 415 391 253 665 961 969 70 211 924 701 596 336 342 28 357 766 861 135 687 376 961 126 174 782 102 813 532 856 484 713 640 876
255 709 724 258 14 973 526 162 21 833 341 922 945 346 618 712 160 125 175 788 578 705 928 193 462 667 65 141 354 286 549 555 658 220 505 872 227 557 629 545 609 799 266 243 446 680 27 617 881 708
446 827 150 784 536 802 429 477 586 93 650 564 63 805 402 76 34 625 279 160 750 932 358 64 923 664 255 889 302 272 373 742 610 47 423 535 109 315 254 233 479 783 15 17 95 424 240 552 672 676
230 578 8 498 943 557 807 129 359 948 11 41 787 852 313 813 594 576 161 146 469 743 458 46 34 19 615 20 601 643 993 381 868 395 685 374 381 465 753 592 484 768 583 65 583 50 70 309 690 70
706 438 581 216 990 242 817 202 274 331 211 345 611 240 798 677 569 58 674 833 776 368 314 429 416 582 834 125 323 333 691 862 177 38 560 770 856 510 637 859 215 33 926 969 664 867 814 621 512 49
466 932 139 557 426 367 294 203 393 594 236 296 911 435 496 393 667 90 280 113 86 181 815 346 933 375 335 266 526 291 148 613 665 908 215 730 883 771 258 623 707 289 57 682 294 557 315 967 662 468
986 336 270 179 97 408 387 248 478 440 248 456 586 508 102 452 935 107 167 658 469 106 186 32 873 835 47 696 9 737 862 421 593 217 866 390 805 368 957 220 839 842 457 273 781 468 3 859 342 827
217 239 63 878 804 100 446 296 184 361 142 530 545 318 515 501 402 626 510 536 65 707 381 405 564 900 400 339 802 384 929 618 386 413 914 487 231 956 760 507 857 112 84 847 949 722 343 149 409 174
204 639 700 45 846 630 632 683 556 360 918 347 114 168 132 912 978 321 544 656 886 446 95 291 987 229 112 502 399 446 149 871 208 190 524 352 312 790 196 293 770 665 137 886 80 492 160 472 714 333
888 923 875 600 280 580 594 171 380 731 315 85 363 263 848 542 663 609 91 226 478 662 670 131 335 954 74 624 151 662 619 997 607 253 161 910 456 272 693 573 455 298 967 127 870 707 196 15 208 467
392 169 811 785 229 776 154 219 853 293 788 231 722 463 367 331 360 333 953 271 653 820 858 230 788 312 299 370 327 548 871 204 806 61 432 229 827 155 897 616 118 647 669 607 101 182 315 966 266 450
559 705 172 101 109 569 481 824 49 849 400 277 569 340 553 659 668 150 957 763 251 489 26 497 14 427 724 495 566 268 839 483 615 953 181 623 54 243 840 844 249 313 888 806 67 834 864 964 882 65
499 981 96 201 919 988 795 871 774 661 603 971 22 790 279 161 893 134 67 220 549 308 835 34 544 652 800 496 118 719 214 40 180 711 671 89 156 371 346 105 993 793 81 428 879 694 268 304 245 450
710 507 166 711 529 433 261 886 515 595 596 335 589 914 266 659 880 410 213 942 496 494 162 5 894 94 821 90 254 940 131 417 796 491 852 402 561 952 670 609 245 728 650 309 449 969 732 93 343 14
0 954 143 318 195 77 106 10 745 404 480 559 489 468 20 702 419 792 520 600 165 213 13 1000 365 411 375 939 550 985 466 295 785 603 18 498 313 939 45 131 298 406 961 907 896 776 762 720 285 579 527
454 0 635 199 761 213 763 867 31 982 247 222 734 974 949 779 238 382 536 80 569 170 456 377 862 573 843 652 548 244 244 715 898 497 233 838 585 990 125 700 547 332 412 56 788 839 736 540 743 408 473
578 578 0 451 901 108 287 600 199 2 609 324 483 954 271 705 229 624 872 906 683 334 433 576 310 93 869 30 485 671 699 911 980 593 478 32 657 492 716 9 100 258 157 945 332 184 542 261 15 114 749
935 218 108 0 986 838 318 242 939 89 961 70 759 285 421 829 49 465 609 432 987 833 373 906 634 309 574 605 162 45 533 910 415 317 812 630 7 718 187 668 747 272 397 838 248 676 847 587 996 417 731
441 184 132 280 0 964 286 339 272 970 344 62 315 229 674 293 128 758 333 234 127 608 44 850 422 16 40 214 504 389 341 475 586 730 528 178 83 433 61 80 18 971 512 979 585 294 62 55 915 89 950
647 811 278 98 531 0 558 540 673 707 108 239 756 617 358 845 159 562 238 841 536 886 792 167 217 51 53 951 948 218 246 607 423 338 148 32 208 900 167 317 97 908 701 831 827 633 249 277 124 560 598
218 599 459 814 53 636 0 963 129 665 389 85 777 760 699 7 62 458 796 417 314 224 469 627 872 845 790 163 77 921 516 431 173 871 958 103 487 585 687 261 186 585 131 938 485 223 403 110 482 345 949
826 148 51 94 547 631 177 0 281 743 67 503 700 4 263 646 297 907 639 954 870 847 783 9 834 525 895 233 542 655 931 415 805 552 300 341 268 409 134 377 197 370 207 302 90 466 821 206 529 253 201
272 425 230 662 496 784 626 230 0 682 570 452 391 752 426 711 663 287 638 799 723 904 231 393 424 508 696 76 705 791 548 464 8 134 740 479 263 399 210 7 78 505 607 429 445 68 993 869 869 645 915
255 470 864 730 536 429 731 532 389 0 584 374 99 341 929 227 496 308 399 16 354 103 462 285 445 710 446 107 73 649 579 510 890 402 860 324 829 941 564 644 535 691 969 782 465 764 713 625 802 350 521
367 606 64 323 394 218 131 207 366 83 0 79 313 246 266 24 716 525 27 750 997 131 126 358 698 241 688 178 264 794 541 848 295 129 532 376 131 315 669 51 380 14 792 566 129 674 97 153 515 566 295
534 403 675 661 591 137 885 914 425 148 465 0 228 123 301 850 901 912 887 26 744 255 839 183 97 726 360 665 558 983 528 418 686 129 159 10 19 621 558 158 211 940 556 737 743 626 498 676 816 422 838
777 312 791 702 241 517 396 365 702 101 974 267 0 810 225 258 66 455 723 200 773 768 211 34 309 864 231 984 654 271 364 127 543 909 279 948 764 202 146 98 721 666 632 105 13 94 897 103 25 9 912
110 402 843 593 541 193 169 226 239 806 422 734 575 0 768 76 130 85 983 323 612 355 50 914 108 293 280 939 711 538 941 282 734 371 372 299 126 385 689 535 234 307 235 372 321 636 293 533 974 625 345
785 995 938 192 308 223 1 23 843 331 290 540 858 853 0 954 74 496 944 763 871 20 196 237 649 418 324 131 622 697 247 189 162 26 692 362 771 535 727 182 667 204 207 632 8 302 130 577 799 259 387
958 922 634 853 541 871 699 584 658 946 122 658 624 90 372 0 531 682 840 286 9 12 70 948 338 499 317 85 87 9 473 86 385 452 927 455 447 753 822 902 348 569 22 393 90 447 428 145 983 798 357
381 118 908 834 819 757 81 876 148 350 591 673 598 681 428 582 0 177 632 553 886 284 433 108 334 103 136 217 767 298 203 413 849 422 757 563 347 729 362 683 70 247 184 206 517 806 159 876 735 701 514
535 551 978 798 881 582 758 487 221 559 919 407 935 330 270 91 542 0 20 452 463 510 306 941 565 531 27 907 485 138 698 985 999 322 422 783 540 46 699 669 366 14 390 704 233 83 686 188 135 76 217
55 71 489 892 912 933 557 331 418 38 375 691 373 849 327 323 673 794 0 22 315 850 816 463 807 590 961 158 210 244 568 427 220 375 601 214 693 738 424 3 839 108 543 324 936 936 459 799 39 100 962
799 506 858 134 9 288 599 971 36 857 818 782 401 28 121 879 787 337 93 0 594 737 334 854 254 670 779 448 100 693 24 872 174 823 939 324 791 685 864 796 741 376 370 730 737 182 151 432 309 738 568
969 428 317 322 237 174 257 912 205 903 501 524 509 591 704 87 433 495 906 66 0 20 578 6 613 530 46 540 535 164 928 97 786 580 861 497 860 460 559 659 37 765 972 480 535 173 810 108 465 313 106
651 537 865 905 589 30 930 883 86 928 310 583 238 647 942 467 829 982 894 578 831 0 894 272 377 114 199 302 891 365 552 890 156 485 621 123 337 301 857 459 129 223 31 733 482 808 60 457 942 312 907
741 357 711 312 667 409 44 358 148 858 866 18 251 441 155 130 843 255 791 908 766 976 0 390 625 752 350 715 332 555 489 737 899 861 393 879 495 48 379 996 701 513 562 574 380 941 664 458 633 955 606
440 165 639 604 95 315 522 281 260 768 687 517 353 188 245 693 249 311 426 243 652 622 106 0 343 408 776 366 385 222 973 943 478 302 34 38 187 390 555 478 283 843 340 146 113 14 457 861 985 921 261
507 414 779 66 8 559 391 990 541 883 632 585 952 501 556 216 77 314 993 187 976 547 298 624 0 69 303 180 253 22 974 504 229 184 401 599 678 992 904 703 643 31 469 120 995 175 714 84 652 210 334
257 685 588 532 881 716 816 938 221 211 504 68 954 143 887 443 135 883 320 93 405 47 142 570 507 0 408 384 728 662 947 460 607 118 465 791 369 213 448 251 679 321 493 306 815 357 61 106 915 273 474
971 384 560 32 552 753 329 302 138 325 282 89 207 581 537 738 571 230 479 976 709 771 888 75 631 137 0 304 371 238 239 342 364 445 460 1 1 952 925 266 411 632 664 347 306 700 968 933 472 750 903
184 266 696 984 353 648 936 244 978 716 359 577 667 988 838 676 484 401 976 314 400 788 82 934 879 495 843 0 46 657 783 34 274 338 901 700 625 567 994 879 118 505 84 643 739 918 708 337 508 662 937
491 512 662 207 708 382 135 914 910 972 927 485 267 747 649 434 792 779 87 952 479 22 271 678 467 359 757 851 0 362 978 662 564 759 824 536 418 757 33 606 935 161 129 294 643 385 107 703 840 785 662
325 38 908 368 648 724 50 236 481 597 956 175 25 990 513 871 148 507 211 24 881 493 799 914 770 987 311 962 718 0 236 249 179 657 948 512 479 258 439 20 502 110 224 74 437 452 707 418 223 515 144
876 714 37 853 928 44 923 556 417 901 683 440 94 593 786 544 133 597 272 421 120 922 867 493 998 502 299 256 951 986 0 380 348 743 753 959 663 276 373 540 468 699 209 506 452 755 367 394 368 142 331
64 170 391 826 361 983 916 818 122 974 102 163 355 800 410 251 807 54 41 57 16 982 960 693 130 621 761 677 609 677 364 0 73 56 580 82 872 389 832 220 991 514 179 887 95 358 895 596 927 273 952
12 111 159 336 428 243 697 469 792 30 130 21 845 730 122 759 898 521 168 3 626 928 439 709 792 512 181 358 113 193 894 724 0 368 330 229 488 527 156 681 927 682 647 894 690 975 466 697 410 60 569
939 912 365 6 211 251 72 667 408 160 591 934 692 332 906 545 298 809 528 936 8 168 105 769 406 240 303 954 172 389 97 498 987 0 841 47 891 461 868 584 848 757 559 630 430 42 708 447 961 927 39
32 976 960 446 82 663 425 768 627 335 364 330 447 644 479 986 726 601 346 713 200 906 804 865 135 604 26 460 523 439 123 989 960 340 0 874 825 246 871 488 68 95 887 664 773 573 295 828 721 240 954
62 247 882 446 203 148 910 314 421 642 75 712 624 398 464 639 304 97 901 424 898 896 10 917 559 707 796 978 446 509 688 646 433 595 525 0 439 219 371 747 850 786 572 737 537 340 942 418 967 563 141
799 836 492 525 612 74 914 579 218 386 328 174 700 640 663 339 80 761 416 12 231 82 870 759 380 247 536 688 70 938 246 762 560 231 191 68 0 836 461 504 139 634 792 791 217 237 547 827 248 480 235
991 312 586 701 668 572 711 866 151 136 744 324 153 330 24 831 118 790 355 870 250 535 891 90 144 630 831 938 360 233 48 708 169 958 289 312 379 0 375 688 191 2 384 454 572 64 379 932 270 914 583
369 833 734 676 513 418 929 617 895 865 75 839 538 577 282 627 788 866 603 169 140 920 433 295 256 365 355 876 55 546 497 540 956 334 180 916 256 909 0 507 128 69 224 538 712 865 871 25 813 611 932
811 433 741 938 816 16 307 869 671 130 78 118 544 44 298 970 404 540 773 231 988 383 694 342 908 127 294 620 705 410 438 28 665 590 549 387 374 697 914 0 411 395 658 972 347 183 277 346 646 667 675
903 355 103 242 801 193 828 458 824 617 317 122 649 816 835 712 2 127 695 561 959 796 622 251 143 50 342 322 561 539 610 610 675 191 497 266 466 213 909 456 0 589 392 407 10 216 643 18 335 79 352
890 142 387 603 582 481 248 689 409 759 878 477 901 753 463 815 545 378 773 364 839 199 735 231 338 635 20 144 711 810 47 904 855 937 97 853 861 683 92 632 61 0 996 327 578 50 975 847 990 210 253
37 589 130 109 105 225 47 257 436 956 424 22 433 217 493 358 796 862 818 890 526 427 302 314 285 999 473 528 215 547 240 982 263 309 726 14 539 950 285 218 619 80 0 893 188 700 244 233 823 969 410
550 444 728 219 287 237 439 948 633 975 387 348 925 299 786 417 254 116 282 295 68 113 164 474 956 613 305 279 575 838 787 127 817 193 949 583 160 983 147 605 543 154 137 0 251 74 195 933 705 858 689
524 940 583 33 177 742 185 473 278 171 978 398 506 161 349 401 1000 23 560 437 446 186 898 839 20 777 644 273 814 578 591 586 128 167 374 178 521 668 811 281 416 496 674 804 0 110 225 784 476 582 753
273 92 238 463 855 522 885 786 505 905 365 133 490 773 159 474 719 769 52 534 774 134 618 13 677 451 367 765 993 394 659 831 978 296 945 949 766 374 802 478 687 940 937 22 888 0 52 882 294 856 395
370 387 375 223 618 729 222 485 157 603 602 405 133 534 139 462 740 365 25 416 588 240 924 269 591 777 149 996 585 27 450 899 970 603 460 122 711 599 148 535 551 680 260 466 22 459 0 523 523 69 254
317 955 753 621 278 7 826 539 200 760 698 757 798 295 584 884 864 961 630 624 56 511 296 944 734 137 645 954 840 586 465 650 712 610 220 109 148 607 411 784 227 316 879 469 684 366 163 0 803 727 876
377 151 511 403 928 744 836 762 771 649 274 622 481 166 233 574 540 681 17 537 210 348 930 740 583 216 339 648 973 161 681 286 571 592 136 303 729 757 505 423 106 419 955 291 829 519 412 398 0 822 987
413 26 97 439 515 505 375 83 690 596 476 183 723 628 406 110 574 203 470 64 160 386 890 61 935 821 586 315 559 552 697 480 217 806 661 488 813 120 951 132 647 493 371 71 732 994 495 485 517 0 308
613 739 370 311 760 151 118 88 786 170 6 327 692 500 828 348 768 340 347 181 167 80 58 236 699 405 62 996 958 194 655 504 518 29 314 239 273 435 219 14 376 908 13 900 884 989 682 843 325 375 0
15000 15000 15000 15000 15000 15000 15000 15000 15000 15000 15000 15000 15000 15000 15000 15000 15000 15000 15000 15000 15000 15000 15000 15000 15000 15000 15000 15000 15000 15000 15000 15000 15000 15000 15000 15000 15000 15000 15000 15000 15000 15000 15000 15000 15000 15000 15000 15000 15000 15000 15000 15000 15000 15000 15000 15000 15000 15000 15000 15000 15000 15000 15000 15000 15000 15000 15000 15000 15000 15000 15000 15000 15000 15000 15000 15000 15000 15000 15000 15000 15000 15000 15000 15000 15000 15000 15000 15000 15000 15000 15000 15000 15000 15000 15000 15000 15000 15000 15000 15000