100 50
621 631 531 37 650 652 728 196 386 196 113 26 883 919 720 719 572 946 58 29 766 188 953 165 819 337 283 721 415 685 520 814 977 208 29 51 385 456 990 105 492 605 891 721 832 149 90 605 437 679
658 70 227 539 13 127 819 303 506 227 423 155 95 177 144 925 969 102 240 863 334 334 102 761 590 561 403 279 424 804 177 633 559 112 274 340 762 934 329 706 557 941 773 39 379 926 142 373 71 951
72 992 291 358 779 832 229 213 280 428 818 158 400 549 716 240 944 711 771 948 1 40 529 591 113 572 353 372 482 420 418 704 488 738 471 574 805 728 543 80 725 69 587 949 671 562 90 645 77 306
536 331 589 706 205 909 345 185 449 95 856 881 48 802 495 797 853 635 1000 934 634 471 419 628 104 454 960 162 248 345 91 5 606 600 739 980 822 337 937 98 218 106 657 607 194 917 56 88 865 767
796 883 23 380 58 869 207 6 725 771 436 802 426 768 194 27 516 131 613 853 521 349 428 884 42 529 15 664 913 180 195 651 880 361 685 986 955 141 819 116 976 785 369 73 489 826 210 18 845 430
903 598 423 587 501 377 564 143 257 444 401 25 205 589 315 541 478 729 980 579 489 96 544 911 8 511 403 12 936 65 370 388 956 317 376 394 734 324 814 679 819 105 600 929 492 514 128 392 101 77
946 714 577 841 938 297 332 202 143 753 972 545 427 64 435 807 900 340 437 336 48 733 414 618 864 324 351 639 870 719 562 793 823 569 802 960 644 894 931 84 966 692 797 656 281 722 520 894 120 703
959 985 857 34 279 975 205 906 989 717 561 789 414 387 699 748 564 824 138 87 685 286 205 155 287 153 174 697 699 463 951 89 97 86 718 99 418 43 103 723 234 110 287 766 486 484 572 367 347 898
770 108 433 843 680 396 523 228 878 136 744 378 61 170 350 654 966 116 5 150 862 664 206 676 767 592 632 528 803 609 909 947 51 239 588 16 32 187 442 409 320 78 995 738 596 850 795 816 53 33
744 499 697 502 519 71 129 364 288 709 210 72 405 965 585 457 597 51 765 966 286 57 777 243 867 538 439 791 319 14 969 397 533 917 546 882 453 835 882 817 407 39 791 844 174 834 949 703 926 864
776 708 57 936 995 731 580 243 992 831 937 690 892 309 840 730 344 347 878 59 405 345 130 223 999 633 742 254 171 748 35 444 459 77 619 749 536 733 234 579 211 231 596 965 122 600 812 465 750 466
577 641 382 205 857 656 142 471 158 326 590 659 313 244 436 210 735 108 707 868 304 847 1 207 997 366 276 724 807 404 792 202 513 342 283 138 795 285 119 887 272 746 582 301 687 359 328 433 248 778
424 989 698 436 179 429 444 363 816 368 978 60 861 459 147 533 296 322 224 959 349 760 918 240 389 859 375 673 277 563 173 386 35 96 103 907 22 672 772 268 943 100 334 202 433 810 625 354 421 609
85 751 978 102 848 213 844 646 799 625 66 922 910 128 741 711 736 575 624 20 447 953 484 573 236 991 545 206 885 985 382 9 970 260 490 115 462 984 756 35 939 784 721 822 783 658 55 547 841 92
198 410 909 324 408 656 715 105 649 380 497 916 777 824 950 942 450 519 376 962 918 420 504 490 987 560 416 857 537 103 23 283 172 377 959 82 412 9 91 437 614 637 596 278 878 289 717 648 440 211
597 514 455 632 142 564 916 599 898 613 687 185 789 999 141 794 436 299 136 51 652 801 387 123 29 277 710 917 697 475 389 932 306 471 332 831 192 643 936 752 747 886 395 713 474 853 438 963 850 361
721 611 426 87 175 695 244 113 992 609 951 154 232 760 465 710 985 999 478 395 469 197 155 818 92 739 505 642 296 416 612 575 375 45 12 291 892 278 881 994 266 2 213 747 277 497 544 364 1000 596
948 781 979 101 254 783 461 783 669 138 522 748 151 206 609 164 387 806 93 544 975 507 497 142 108 954 358 191 329 365 619 277 587 813 341 264 398 220 896 871 698 527 845 641 276 320 164 330 523 12
345 479 623 140 439 221 598 64 428 277 57 802 902 620 412 667 425 578 774 293 547 552 347 800 316 832 25 746 252 463 76 954 596 699 633 341 304 550 614 26 202 805 428 681 713 268 689 594 35 276
717 912 280 702 716 755 300 535 504 680 711 121 46 875 50 815 449 858 245 678 357 2 31 499 279 681 325 123 904 309 171 29 903 61 845 688 557 818 71 408 798 173 673 857 413 662 971 986 125 220
950 225 576 631 993 107 323 44 5 950 433 765 696 463 709 576 118 142 111 525 474 593 708 617 638 666 662 520 200 674 121 679 470 472 431 211 940 516 113 987 907 499 439 400 351 55 263 659 616 113
459 188 382 762 638 108 580 401 330 224 355 835 765 934 900 927 388 259 856 301 20 957 415 838 345 206 861 566 867 836 705 131 867 548 118 187 171 552 983 546 839 467 58 504 756 142 119 876 146 772
367 929 637 863 248 837 520 67 457 253 308 816 102 591 307 235 402 374 529 447 757 507 395 316 659 509 655 391 433 155 442 346 118 560 177 675 225 981 222 422 193 73 173 543 742 700 671 374 763 898
603 334 427 226 914 355 84 729 498 202 981 160 686 568 399 230 6 997 228 69 862 372 304 154 855 572 716 770 252 530 873 136 473 587 618 26 221 76 553 758 536 508 941 572 608 885 665 890 287 793
285 662 454 858 396 627 941 182 806 634 398 313 314 665 496 515 935 319 605 140 84 112 750 101 183 443 994 687 667 200 887 929 834 751 599 365 536 226 955 246 878 150 9 46 633 976 969 74 418 500
671 848 395 54 361 948 140 14 283 525 683 672 380 232 474 722 138 283 260 628 553 885 634 279 210 492 836 653 953 466 618 932 64 505 364 45 376 876 488 589 709 141 628 573 60 742 184 31 446 591
871 980 403 6 998 65 679 192 260 623 450 807 365 401 155 877 209 12 445 688 989 104 893 520 752 332 369 132 868 854 727 262 962 294 629 811 610 92 659 96 555 765 927 886 322 66 125 589 662 352
724 525 435 346 989 222 277 419 793 527 684 928 111 175 35 155 385 876 487 134 211 299 819 320 15 852 129 251 496 140 857 494 460 784 275 320 922 632 642 597 629 896 484 326 829 760 754 359 370 409
123 624 88 470 492 202 990 4 841 470 362 225 878 633 116 646 468 903 776 316 440 224 734 557 613 709 883 708 605 194 537 364 15 22 669 609 647 782 629 88 310 630 971 906 472 560 128 484 388 175
785 108 341 533 80 966 701 871 258 616 553 352 8 849 414 451 963 261 318 668 435 950 236 541 67 291 833 914 66 210 899 345 984 985 379 182 727 387 806 390 974 562 757 885 209 635 436 571 846 326
912 418 732 105 753 489 653 272 824 756 439 467 793 245 247 426 696 580 832 190 76 117 73 65 285 354 717 589 804 14 692 762 663 450 986 959 383 741 848 406 777 728 836 525 718 488 940 206 728 734
180 114 373 1000 451 432 584 349 745 156 217 966 173 126 379 302 923 28 257 749 683 609 778 317 665 388 368 273 497 660 922 885 154 502 751 767 289 584 290 666 844 440 42 679 7 808 132 201 446 872
716 829 960 469 789 980 526 477 792 31 213 622 727 308 351 89 724 852 652 647 79 133 313 833 780 168 507 517 498 214 279 220 520 480 552 91 522 667 171 666 300 727 707 518 181 876 315 548 450 914
738 710 220 703 803 901 351 567 729 281 396 799 195 831 863 696 360 780 295 755 609 688 895 291 284 552 219 668 904 33 698 508 660 216 664 350 712 186 415 744 250 909 157 131 113 739 114 397 971 765
13 211 496 594 2 105 544 260 27 852 758 290 162 712 671 298 555 41 139 847 404 67 29 684 28 312 223 508 532 789 429 881 420 350 633 641 154 287 290 919 402 404 983 332 127 651 61 533 91 112
113 199 806 565 370 135 248 310 217 515 91 310 315 823 190 147 190 657 36 793 295 496 670 443 681 918 931 106 903 806 626 587 812 183 875 507 600 331 592 29 313 861 762 339 526 444 739 59 473 593
647 127 814 463 776 989 597 933 584 165 668 895 16 828 880 763 23 754 780 581 954 960 91 239 57 611 588 781 332 979 77 503 45 622 147 613 791 21 910 637 438 455 38 592 389 345 446 702 849 426
403 414 669 50 714 831 214 812 240 433 685 600 642 409 55 512 117 956 45 988 663 817 98 474 405 220 308 137 232 730 44 236 143 389 76 751 880 367 955 998 376 707 325 320 718 590 576 531 409 413
981 168 781 152 897 369 67 814 277 455 912 453 804 119 562 554 24 152 635 318 672 948 928 787 487 727 613 633 48 603 926 786 339 404 231 821 806 417 684 679 637 823 841 780 92 955 952 893 248 396
707 832 732 696 441 119 616 112 340 79 359 390 673 910 549 265 662 775 140 677 481 261 397 994 299 652 762 208 84 804 932 694 373 302 943 934 308 15 975 411 506 941 764 522 87 536 752 432 633 360
469 115 935 360 611 650 666 76 996 613 40 439 310 346 922 323 193 383 627 390 573 183 600 273 775 163 136 505 556 205 602 537 705 459 722 922 223 541 769 444 283 964 301 498 464 709 845 799 286 272
496 280 877 586 456 682 704 298 445 410 528 781 626 942 981 267 29 11 624 797 145 205 653 99 623 664 629 35 296 27 381 429 848 472 119 564 555 627 958 10 77 13 966 375 118 621 8 19 444 439
317 148 548 319 700 323 231 460 152 332 9 173 152 611 492 223 924 931 806 928 722 659 475 474 82 940 668 411 657 35 348 786 956 829 547 796 2 920 262 19 411 162 313 474 665 403 180 333 123 272
280 853 435 901 945 130 468 106 263 774 376 996 672 648 967 707 99 46 765 158 388 557 457 119 8 651 513 907 439 195 240 408 469 587 858 355 658 983 198 331 846 572 755 992 143 791 943 940 432 49
107 949 580 530 757 390 229 412 7 716 106 285 859 371 31 547 665 51 817 196 855 575 468 868 787 906 11 97 533 726 743 82 996 645 875 693 329 427 689 391 779 827 256 877 327 90 58 240 72 782
938 622 549 719 3 924 639 72 3 951 408 439 22 206 529 706 40 893 453 224 437 187 160 449 386 853 326 500 501 401 309 566 47 940 300 545 530 60 66 543 99 651 64 851 817 577 303 351 206 502
188 810 964 449 23 813 876 517 326 701 651 237 23 669 822 255 975 52 365 42 728 295 904 685 76 477 20 63 176 656 451 285 109 347 531 563 168 193 687 26 757 609 570 152 183 22 331 616 584 87
763 742 13 381 231 102 613 490 974 456 369 770 669 507 418 871 227 149 480 340 401 958 455 328 826 920 430 146 151 149 349 231 493 235 174 123 341 782 847 96 14 814 592 345 146 160 553 353 678 286
353 167 710 799 201 73 273 6 604 3 741 594 438 627 640 61 844 185 278 729 274 229 105 509 587 700 83 286 292 422 532 218 410 116 18 623 656 932 862 148 45 725 815 519 277 640 342 487 951 246
633 162 28 801 192 363 468 3 47 167 135 587 537 295 925 142 214 546 41 715 14 410 398 694 442 850 364 764 917 845 980 976 620 629 608 23 942 355 740 919 437 600 133 5 225 624 667 645 679 103
193 919 467 402 801 237 452 574 232 851 386 230 867 364 345 791 196 752 979 321 820 676 157 92 510 670 278 101 896 921 121 86 782 395 384 280 919 385 624 289 870 914 229 349 400 75 729 116 424 616
793 139 104 346 947 497 616 905 752 771 525 169 475 783 501 117 216 977 651 419 442 786 669 158 222 320 858 334 63 444 153 128 465 498 205 692 607 641 389 224 333 77 467 476 588 380 681 650 25 745
333 582 751 80 39 766 212 214 188 345 287 109 615 235 638 321 597 837 865 649 970 506 745 509 811 639 93 290 624 23 771 868 756 757 364 863 860 242 722 27 426 890 700 263 660 487 668 719 84 484
955 996 116 645 595 259 859 162 123 69 406 875 214 588 806 322 102 767 475 110 106 218 668 208 6 844 629 295 860 811 361 742 97 175 67 564 364 10 572 576 27 211 919 783 637 755 894 688 571 172
741 504 62 360 623 617 609 907 562 431 477 51 969 294 487 183 760 670 959 435 228 576 435 627 32 281 25 521 225 800 50 717 505 710 227 736 566 156 845 968 144 231 606 806 804 890 717 531 315 373
369 31 894 708 509 173 928 35 594 57 815 496 415 22 378 685 801 816 836 693 756 715 123 926 220 77 825 721 356 856 252 309 132 110 351 205 453 251 696 974 499 287 628 397 666 271 989 508 567 249
639 574 892 129 984 903 889 246 838 789 902 69 691 487 358 554 927 782 580 153 966 607 604 755 645 582 812 312 430 582 505 874 591 904 70 673 382 907 654 286 131 433 864 310 35 896 337 814 434 769
45 75 266 866 420 272 877 745 228 213 82 27 950 294 225 380 92 78 918 248 622 380 742 530 918 890 145 933 937 40 618 376 950 807 235 457 475 794 497 597 778 217 224 223 699 294 129 399 190 136
951 399 811 255 604 50 561 702 110 181 652 716 501 830 582 920 387 929 119 486 864 310 870 381 505 619 942 324 359 93 315 148 489 702 636 303 604 329 732 619 473 573 76 83 783 897 424 341 254 115
884 599 708 721 622 17 580 845 726 535 129 488 36 651 754 198 433 256 198 350 250 709 815 360 212 574 811 717 494 158 661 813 398 719 324 78 69 351 594 828 764 830 565 111 197 899 470 899 851 193
584 556 550 874 979 725 938 89 119 654 508 655 172 380 123 679 399 858 51 63 135 433 223 167 740 237 498 293 551 738 78 900 616 901 684 100 7 126 866 764 435 668 318 292 770 611 233 998 195 388
211 941 933 971 712 103 313 615 955 188 921 188 193 236 96 683 585 24 939 558 522 959 249 145 759 909 588 713 909 701 773 768 426 142 993 132 874 719 854 951 904 555 752 489 80 346 700 578 822 140
543 403 162 879 394 841 386 193 820 610 147 342 653 348 111 809 800 118 76 90 670 693 815 597 412 415 463 940 533 418 126 372 958 360 445 122 918 302 648 868 453 13 251 837 613 303 511 824 556 273
219 403 178 225 215 485 768 537 76 472 296 976 619 545 50 920 14 144 777 718 378 829 147 362 200 39 418 818 622 410 889 989 544 196 649 209 424 870 440 737 699 25 290 580 188 620 973 806 914 496
80 499 294 857 995 511 355 290 567 211 153 518 411 78 975 948 245 654 321 639 156 387 909 334 720 108 973 367 388 551 331 286 982 213 500 233 62 831 166 343 565 782 217 997 418 478 122 564 140 123
357 62 148 467 336 214 770 675 168 594 507 915 744 876 886 3 515 374 852 581 21 455 322 585 831 753 550 621 286 146 708 636 832 231 210 639 908 175 512 701 677 556 4 389 105 418 260 614 702 673
647 15 860 805 709 63 190 123 945 195 868 656 639 593 55 366 33 865 27 682 605 277 506 790 67 972 661 634 270 726 706 490 956 308 292 827 411 846 883 974 316 142 872 520 560 82 361 731 234 709
644 652 691 559 345 771 532 127 364 3 265 471 707 509 392 137 848 16 536 327 854 945 233 222 178 427 496 551 789 323 894 369 144 113 934 805 74 515 671 524 600 263 579 426 654 269 500 317 297 935
541 494 924 265 828 961 700 417 548 632 890 67 744 433 322 425 328 843 868 327 845 893 231 599 816 668 305 171 855 849 502 124 166 582 702 688 535 477 301 160 145 537 263 160 24 874 198 219 170 999
1000 530 970 876 116 297 863 504 35 271 939 45 968 38 393 227 842 30 335 803 63 315 37 742 911 109 392 971 609 671 602 513 69 533 171 349 872 830 39 519 659 331 141 302 938 639 220 682 554 250
924 500 480 524 375 865 387 779 225 66 620 880 220 800 508 677 398 71 433 325 144 666 97 517 280 358 972 610 893 867 34 35 4 597 282 275 642 396 866 200 928 506 194 409 431 835 638 444 864 593
425 786 502 136 227 981 253 372 972 453 519 184 395 498 344 203 713 543 408 398 551 384 632 606 192 513 157 361 1 522 190 727 445 545 140 279 81 409 846 736 560 978 421 308 97 982 370 667 734 599
818 542 37 758 957 779 778 857 905 573 136 46 350 761 334 336 546 140 716 330 9 397 229 23 573 493 160 148 847 678 343 209 386 154 651 46 638 662 340 699 573 354 860 912 413 64 508 810 153 664
793 794 920 837 359 689 712 367 427 522 335 124 455 988 582 150 691 43 290 191 62 203 570 240 937 228 48 506 737 984 920 958 541 102 376 810 409 743 935 691 434 324 148 381 414 375 171 747 176 875
783 742 563 207 863 105 235 212 671 246 128 148 332 461 478 10 481 259 306 842 191 940 950 189 259 565 481 837 312 121 648 293 509 592 797 260 143 181 328 111 229 676 585 765 942 994 102 328 514 5
709 885 915 895 317 445 567 237 392 57 398 319 119 665 908 550 101 767 180 19 808 69 830 111 869 340 297 642 683 766 588 687 635 213 596 260 517 414 285 528 273 388 906 870 123 194 822 122 191 651
854 80 124 999 101 882 444 243 259 407 752 987 793 403 132 934 954 227 803 290 474 887 452 939 383 145 556 679 370 919 798 408 336 762 849 974 485 69 566 219 674 963 955 969 391 77 65 730 395 724
665 133 773 551 874 755 739 480 630 625 185 81 537 549 928 612 808 229 897 567 193 861 359 652 735 681 821 297 143 901 29 610 81 344 468 610 532 648 771 645 543 949 396 447 141 677 426 940 976 385
385 692 383 194 508 80 975 112 517 442 693 894 150 459 722 649 334 196 291 777 823 972 516 610 464 781 7 531 227 220 508 884 374 541 253 986 637 738 136 798 804 207 553 970 393 807 472 840 838 184
350 861 906 211 113 68 837 763 884 398 399 342 793 388 72 313 326 269 936 596 237 883 961 337 90 122 423 871 242 247 444 37 338 301 733 233 717 246 382 330 485 986 451 976 203 702 622 181 213 742
650 789 988 806 168 661 843 265 826 918 462 112 163 162 46 256 990 469 237 735 682 139 782 543 765 175 380 598 956 606 580 23 756 233 176 227 315 895 595 520 92 142 12 425 849 487 683 533 35 436
392 423 172 646 8 806 19 512 503 554 532 977 279 726 813 341 876 73 943 354 342 640 837 500 355 766 184 853 298 617 543 695 504 411 766 124 16 483 233 795 471 293 853 350 243 262 658 57 415 81
338 428 278 911 445 775 542 327 144 689 427 430 580 994 854 407 438 405 622 287 731 560 901 858 321 35 766 734 701 228 448 572 576 617 964 564 668 24 546 894 163 175 807 395 566 39 802 883 762 656
871 322 623 117 8 569 913 766 394 131 913 665 441 188 187 666 576 311 75 781 81 224 672 483 230 978 529 873 985 199 347 460 378 92 679 691 634 714 387 881 711 379 764 547 615 51 139 481 975 496
722 969 161 576 317 987 847 114 543 111 822 356 811 390 150 956 226 958 142 305 837 501 128 804 307 706 456 812 464 955 746 562 40 456 386 671 130 663 275 864 59 128 268 269 454 813 769 130 204 799
175 942 291 120 354 875 837 311 185 521 432 540 921 911 423 764 689 426 463 510 806 117 852 24 469 881 129 803 524 589 652 284 62 776 15 528 109 236 636 671 100 629 409 390 377 358 679 425 14 53
483 757 55 941 296 172 819 632 763 13 669 538 439 44 300 574 791 281 645 191 739 101 854 607 372 995 310 200 887 664 661 692 101 530 524 658 961 721 140 733 56 367 63 622 661 711 751 963 163 343
133 941 707 39 847 771 334 304 166 890 955 366 233 635 875 105 132 614 656 533 929 601 740 212 897 699 526 247 549 460 274 5 852 962 562 902 20 157 263 24 562 111 925 259 157 510 285 283 441 808
458 358 285 21 374 729 867 665 264 376 377 311 525 968 585 107 184 347 190 944 823 655 194 772 46 517 902 924 703 22 388 350 890 267 700 669 961 840 84 812 123 540 18 966 409 103 962 366 382 620
637 960 342 641 961 633 561 431 16 707 439 596 523 174 913 916 68 457 558 631 516 307 462 267 631 927 517 383 595 451 542 876 497 879 295 768 764 977 216 823 836 645 720 791 915 215 390 718 386 730
258 789 147 208 29 263 891 735 725 763 272 87 321 925 847 860 208 263 581 713 366 849 842 721 982 605 616 732 976 599 785 734 672 60 402 698 592 826 560 500 212 963 256 69 656 722 199 599 281 544
849 694 463 183 636 872 227 396 258 760 294 359 401 783 985 312 849 902 136 321 235 390 678 899 635 666 141 222 806 864 313 922 54 636 511 565 178 621 234 812 585 135 498 623 538 147 74 971 408 274
795 545 237 148 317 891 780 621 260 558 537 575 584 679 82 2 109 522 539 774 358 519 987 510 934 395 840 685 497 174 965 19 817 593 267 741 902 506 660 866 669 393 346 59 217 689 362 754 684 439
337 418 169 144 902 932 347 140 441 559 464 948 882 803 552 549 782 381 399 647 746 13 302 939 862 972 612 635 321 332 585 948 155 943 711 334 777 81 960 37 49 722 437 650 715 399 633 737 939 565
552 716 747 777 585 133 13 589 941 114 930 758 196 701 574 520 297 766 619 640 176 827 346 923 28 160 265 430 521 482 477 835 13 604 71 609 632 981 187 288 579 18 22 685 21 472 756 877 925 928
580 614 106 360 473 202 567 871 3 898 397 690 316 358 466 435 625 246 618 691 474 242 530 93 635 976 946 598 64 808 168 355 26 429 819 348 82 901 430 9 78 926 128 187 201 915 667 854 571 175
276 350 356 578 981 154 432 105 564 909 210 583 152 300 14 247 293 997 80 554 375 732 917 655 131 422 974 423 263 296 856 206 605 925 461 306 626 612 483 574 44 409 14 625 867 683 290 535 704 107
981 865 303 806 198 212 223 79 769 443 379 363 333 34 438 483 640 490 54 612 327 359 549 29 958 558 540 854 129 617 789 638 930 588 953 154 442 717 840 83 670 920 524 529 576 914 207 74 809 811
462 660 968 79 315 161 622 943 833 22 908 925 928 305 286 519 188 623 216 287 859 93 239 787 296 465 576 729 995 853 933 963 268 719 896 857 24 934 605 786 354 899 24 891 778 226 289 124 108 384
993 153 604 695 269 160 763 795 427 505 3 275 651 959 91 441 932 232 15 216 39 94 772 514 4 941 426 30 130 938 722 273 383 71 368 721 852 176 631 845 450 611 914 765 643 526 729 311 315 102
0 396 524 420 630 483 806 267 142 123 611 677 348 334 93 197 229 382 544 509 372 451 119 30 471 342 948 19 506 995 705 950 432 692 573 882 471 661 550 457 729 69 39 486 935 199 967 857 577 428 882
422 0 718 463 447 660 804 969 511 500 750 391 664 485 621 748 426 350 553 401 41 370 899 160 227 930 622 765 55 710 332 247 31 74 691 65 183 638 267 301 31 821 480 915 810 760 649 862 374 491 404
985 895 0 682 657 848 751 953 569 457 356 274 570 21 372 836 589 602 5 405 270 653 143 79 805 891 803 408 185 699 40 787 761 741 527 166 545 562 959 809 285 549 659 475 601 603 36 378 207 434 956
716 805 559 0 710 999 349 543 394 263 689 137 806 743 193 45 970 252 210 817 311 986 906 216 815 259 108 762 420 72 698 779 670 900 288 235 699 392 564 675 735 274 566 870 787 430 983 919 790 43 766
532 852 501 703 0 419 611 992 650 302 61 49 694 325 447 65 687 223 761 845 914 222 24 656 367 788 594 957 378 404 951 555 856 183 336 308 132 632 236 701 158 126 237 92 929 59 129 772 643 489 358
919 100 443 687 911 0 301 963 48 676 263 290 591 17 406 469 449 613 430 345 493 874 309 319 712 524 542 869 281 948 647 857 172 144 179 435 228 215 162 880 716 907 591 461 588 10 241 360 968 969 303
690 953 465 771 79 510 0 246 146 119 704 341 941 667 164 997 259 590 248 736 823 58 175 875 31 490 991 338 889 674 899 624 873 617 273 858 69 366 446 510 697 874 13 194 721 504 538 911 570 533 349
248 983 485 262 239 196 225 0 47 241 40 263 150 755 920 394 311 43 754 544 310 901 458 733 129 820 545 31 217 305 197 963 754 920 612 679 146 758 555 925 910 354 7 19 572 67 255 816 889 257 13
537 11 578 304 78 335 493 659 0 727 176 319 344 211 860 136 388 737 20 959 972 524 953 926 121 178 479 884 666 787 482 260 806 265 302 749 724 927 189 563 6 481 960 570 202 773 305 643 830 838 98
498 583 467 249 434 717 855 918 740 0 986 250 442 946 572 891 47 196 503 61 486 201 415 408 443 863 477 932 671 486 427 471 857 464 236 142 470 26 349 762 86 488 439 714 953 956 431 698 303 458 263
37 700 493 901 293 649 649 999 332 889 0 689 770 30 677 749 300 74 569 602 956 934 335 713 832 8 803 744 496 146 831 254 301 440 182 650 574 132 859 251 854 724 462 218 841 871 130 704 818 348 679
883 54 662 859 425 747 640 37 158 863 998 0 312 121 47 939 493 584 198 650 55 56 930 156 991 943 480 55 770 513 71 11 507 573 837 398 3 417 72 390 786 660 898 617 920 35 62 519 691 518 359
431 974 293 497 943 919 331 677 324 936 615 588 0 676 848 134 812 859 799 97 863 945 93 511 302 582 349 154 578 511 753 188 127 986 99 846 570 514 804 659 18 559 994 666 974 349 457 591 607 195 474
561 156 158 260 4 320 226 325 588 799 418 889 946 0 466 699 436 550 417 700 450 271 832 543 115 118 275 731 173 29 537 662 298 117 18 702 478 726 262 570 482 381 424 276 35 359 647 160 970 13 249
419 73 59 328 726 71 818 71 869 480 560 90 186 414 0 397 991 992 995 982 990 447 32 356 670 56 882 229 331 311 593 387 587 114 169 523 107 565 799 238 724 221 373 792 537 512 33 830 456 825 494
179 527 456 84 373 277 384 371 930 54 513 551 825 705 141 0 761 400 32 709 413 158 391 188 172 768 427 812 165 841 796 727 384 688 587 441 926 385 910 11 646 525 109 94 463 134 109 534 622 941 716
700 340 11 891 896 85 886 309 148 862 167 164 536 630 336 241 0 761 818 483 949 838 218 71 492 405 506 217 151 788 766 364 550 626 851 456 463 35 626 673 753 724 489 128 222 56 496 415 637 356 540
648 259 205 950 869 892 811 473 103 476 511 474 886 511 834 272 137 0 588 984 241 370 976 180 200 190 853 720 651 539 986 45 954 542 278 294 110 8 358 649 113 867 604 755 142 350 928 691 250 421 737
713 249 781 242 654 431 758 474 713 926 574 118 761 789 261 669 72 205 0 840 843 653 468 486 776 282 748 84 896 26 373 114 570 230 608 220 548 531 207 40 273 637 23 933 64 748 822 717 431 360 584
479 373 356 452 301 865 279 542 658 457 306 780 181 294 211 312 684 407 481 0 112 724 314 643 476 20 183 718 898 909 106 968 121 948 193 170 965 177 90 32 176 54 965 147 497 983 80 601 907 404 815
781 67 976 210 22 706 179 406 314 894 821 251 944 21 222 761 762 267 71 493 0 269 944 154 865 893 607 208 816 829 713 1 19 522 689 270 999 286 292 758 357 720 436 43 454 235 609 997 439 137 638
3 906 103 649 329 899 629 27 561 410 876 306 569 932 812 844 303 322 358 121 255 0 612 461 513 622 456 758 797 613 837 344 396 585 13 341 212 246 231 714 800 788 833 956 141 945 641 494 625 420 146
434 809 479 20 835 715 160 182 79 281 116 518 135 760 170 924 446 806 84 346 375 378 0 767 677 607 624 499 279 600 278 677 743 394 43 8 372 170 433 912 732 806 432 255 662 505 133 5 200 694 48
504 858 341 621 518 844 325 624 500 266 177 694 620 738 465 630 295 862 182 814 844 866 478 0 878 857 996 197 690 767 712 627 455 838 115 324 57 587 453 920 941 238 164 23 827 276 560 438 264 775 400
511 217 863 851 74 510 12 76 398 658 535 665 649 796 731 939 994 712 490 669 17 967 775 564 0 716 144 343 409 514 288 168 482 519 453 33 360 128 725 420 471 402 164 142 913 67 223 555 784 433 40
218 306 400 527 85 384 98 503 70 212 862 473 583 564 460 960 793 797 205 998 243 352 365 853 549 0 593 100 12 119 961 238 960 57 198 50 902 611 625 422 663 420 306 656 30 704 162 386 882 802 9
466 233 125 789 222 159 85 247 62 50 478 994 173 721 904 161 752 951 426 212 361 316 482 427 599 212 0 21 249 931 379 44 916 827 100 677 252 426 788 353 607 212 770 230 938 296 485 936 900 896 363
98 794 632 538 571 256 891 256 29 406 367 11 464 834 140 90 841 369 932 821 206 366 217 933 275 73 899 0 111 580 170 721 490 103 855 112 937 22 423 92 710 467 512 815 649 588 830 353 575 235 171
583 335 241 330 849 545 324 414 339 730 799 100 973 417 58 226 762 644 754 892 52 875 385 679 651 291 131 138 0 680 781 204 594 212 575 3 89 205 226 450 840 858 583 297 642 643 655 233 406 165 102
427 285 928 599 201 565 965 980 412 1000 41 231 777 80 44 992 599 303 804 49 220 790 186 454 134 178 663 754 288 0 218 837 583 634 998 966 33 51 588 191 143 569 866 102 211 6 288 110 194 979 650
763 476 87 605 482 492 568 913 922 966 780 308 472 4 551 159 86 209 126 615 530 57 186 722 494 107 932 252 804 419 0 705 796 734 206 650 552 858 933 731 754 664 99 543 242 695 64 176 113 801 217
601 800 589 584 977 511 134 76 714 19 560 903 190 628 648 641 120 417 479 449 159 430 138 495 720 579 780 205 938 200 254 0 409 436 90 207 434 407 595 330 876 252 609 468 784 770 164 584 814 979 524
11 379 974 662 176 186 175 136 963 144 460 772 61 14 121 860 334 693 11 563 626 637 218 889 531 892 921 893 584 127 573 765 0 436 997 768 669 208 58 874 298 64 249 135 982 840 230 579 208 635 445
850 743 439 284 889 814 912 985 344 198 540 319 486 222 4 119 241 162 132 593 751 158 860 59 611 382 544 550 265 635 872 489 632 0 245 900 932 487 334 794 315 153 883 566 447 252 363 123 656 676 796
191 492 582 504 250 137 456 117 138 782 385 420 215 741 488 735 438 283 990 630 329 793 153 832 204 597 411 868 137 369 620 64 905 385 0 774 186 395 235 278 820 260 695 789 992 411 460 471 231 338 713
936 591 561 90 231 417 970 317 34 782 941 802 395 810 312 68 875 958 518 977 779 489 718 138 484 726 209 637 461 659 583 425 814 821 707 0 109 355 797 587 738 607 211 652 191 78 61 502 44 365 753
975 110 729 335 313 3 129 514 418 848 363 133 917 976 709 121 967 444 668 432 139 813 236 161 799 124 154 791 500 307 761 734 977 744 232 756 0 473 954 229 970 781 35 359 51 663 615 958 479 629 31
866 198 493 487 244 727 34 191 115 406 551 518 340 975 671 931 765 99 870 281 544 894 305 343 32 261 126 57 988 313 271 883 854 891 425 361 993 0 557 828 715 996 437 183 590 9 482 637 53 364 309
1000 940 805 446 722 333 887 740 871 191 907 67 902 407 763 548 348 744 340 576 160 858 736 982 976 908 886 340 296 696 657 575 656 585 946 705 837 313 0 188 429 978 781 474 430 702 933 951 899 66 147
456 830 36 411 403 421 246 327 50 130 220 499 553 380 947 291 809 172 406 403 420 25 906 479 749 610 690 214 609 891 614 798 918 953 737 527 645 63 949 0 669 246 436 710 85 297 188 638 906 455 526
828 716 887 671 458 427 68 300 893 302 883 531 620 959 686 980 512 14 802 239 803 327 514 959 65 879 720 920 469 162 24 805 796 454 388 545 374 48 736 247 0 706 426 951 376 869 732 819 834 545 485
685 821 187 388 671 803 566 969 57 984 631 280 304 488 415 47 810 509 609 474 846 239 547 637 169 744 32 294 714 481 767 422 756 270 850 910 154 244 688 903 323 0 294 837 682 210 271 246 98 309 426
867 84 350 261 735 443 277 958 190 244 16 335 54 743 272 324 209 150 814 228 883 854 40 492 829 432 604 488 359 255 919 278 113 481 963 826 1 892 15 822 909 500 0 968 99 888 154 611 424 793 49
798 184 464 517 189 279 826 481 566 308 685 546 543 912 794 1 118 736 612 199 39 802 825 272 653 130 446 17 429 578 914 806 747 976 123 738 547 220 405 453 719 992 878 0 52 79 781 146 593 591 860
581 139 544 388 606 290 773 934 963 627 116 348 948 234 127 374 392 870 711 632 466 774 675 864 743 108 84 405 369 381 389 138 714 924 753 267 184 153 712 833 123 236 167 992 0 67 147 778 850 826 444
642 718 101 755 77 482 933 493 179 840 43 974 989 437 979 106 827 655 756 721 874 116 719 565 884 498 168 198 370 88 232 121 989 995 580 933 140 115 87 336 920 31 879 150 510 0 859 810 858 504 341
52 185 846 163 781 690 734 757 949 283 998 747 178 117 259 29 848 112 157 677 27 334 964 573 557 442 853 487 309 269 242 252 950 129 852 962 862 43 968 126 919 948 605 126 524 564 0 230 751 230 314
856 446 219 201 860 878 304 906 88 363 970 737 107 883 422 438 41 898 867 777 58 411 595 780 222 30 824 807 441 352 278 231 634 927 535 927 574 221 369 941 921 322 919 407 472 199 749 0 659 944 335
636 675 794 946 634 854 558 634 903 885 951 903 349 848 939 675 52 197 203 449 164 936 142 823 885 891 117 665 963 839 66 221 350 869 373 280 81 227 759 579 328 162 831 26 838 378 215 56 0 396 357
793 880 306 783 813 630 651 646 508 336 416 499 5 106 830 966 27 539 102 596 937 532 610 484 90 309 815 923 523 711 765 752 485 286 415 627 728 347 182 656 166 973 475 957 381 650 113 682 876 0 747
228 470 517 967 334 334 679 215 551 16 352 914 387 499 926 159 278 1000 122 78 399 431 677 543 453 227 741 903 761 564 261 513 107 20 988 773 155 504 459 616 742 960 145 566 847 426 863 445 540 493 0
15000 15000 15000 15000 15000 15000 15000 15000 15000 15000 15000 15000 15000 15000 15000 15000 15000 15000 15000 15000 15000 15000 15000 15000 15000 15000 15000 15000 15000 15000 15000 15000 15000 15000 15000 15000 15000 15000 15000 15000 15000 15000 15000 15000 15000 15000 15000 15000 15000 15000 15000 15000 15000 15000 15000 15000 15000 15000 15000 15000 15000 15000 15000 15000 15000 15000 15000 15000 15000 15000 15000 15000 15000 15000 15000 15000 15000 15000 15000 15000 15000 15000 15000 15000 15000 15000 15000 15000 15000 15000 15000 15000 15000 15000 15000 15000 15000 15000 15000 15000